columns 500 rows 20 

constraints_transpose:

0.52 2.014 -0.302 -0.256 -0.735 -2.132 0.049 0 0 0 0 0 0 0 0 1.379 0 0 0 1
-0.527 0.217 -0.716 0.271 0.387 0.153 -0.807 0 0 0 0 0 0 0 -0.299 0 0 0 0 1
2.105 -1.14 -0.814 1.022 -2.017 1.569 2.71 0 0 0 0 0 0 0 0 -0.607 0 0 0 1
-0.25 0.362 -0.61 -0.648 -0.462 0.61 0.995 0 0 0 0 0 0 -1.369 0 0 0 0 0 1
0.5 0.455 1.687 -3.093 0.706 -0.671 0.711 0 0 0 0 0 0 -0.889 0 0 0 0 0 1
0.927 0.335 -0.125 -0.281 0.022 -0.338 0.08 -0.409 0 0 0 0 0 0 0 0 0 0 0 1
0.636 0.163 0.825 1.45 0.403 -2.132 0.126 0 0 -2.276 0 0 0 0 0 0 0 0 0 1
0.263 -0.276 1.295 -0.936 0.003 -0.567 -1.959 0 0 0 0 -0.46 0 0 0 0 0 0 0 1
-0.595 -0.077 -0.321 0.931 -0.297 0.548 0.441 0 0 0 0 0.579 0 0 0 0 0 0 0 1
0.449 0.16 -0.918 0.841 1.248 -0.608 -0.358 -0.501 0 0 0 0 0 0 0 0 0 0 0 1
1.069 0.101 1.527 -0.919 0.365 -0.633 -0.384 -0.196 0 0 0 0 0 0 0 0 0 0 0 1
0.059 0.413 0.087 0.359 0.775 -2.167 0.832 0 0 0 0 0 0 0 -0.633 0 0 0 0 1
0.076 0.175 0.301 0.29 -0.698 -0.035 0.835 0 -0.61 0 0 0 0 0 0 0 0 0 0 1
-0.243 -1.484 1.072 -2.008 0.649 -1.428 1.787 0 0 0 0 0 0 0.807 0 0 0 0 0 1
-0.63 0.38 0.294 -0.456 0.313 -0.601 -0.074 0 0 -0.317 0 0 0 0 0 0 0 0 0 1
0.63 0.401 -0.855 1.408 0.039 -0.478 0.328 -0.071 0 0 0 0 0 0 0 0 0 0 0 1
2.052 0.048 -0.371 0.83 -2.376 -0.241 -0.551 0 0 0 0 0 0 0 -0.216 0 0 0 0 1
1.387 0.73 -0.556 1.21 0.711 0.54 -1.247 0 0 0 0 0 0 0 0 -1.092 0 0 0 1
-0.179 0.867 -0.02 0.999 -0.042 0.997 -1.125 0 0 0 0 0 -1.37 0 0 0 0 0 0 1
-0.222 -0.419 -0.519 0.112 1.07 -0.328 -1.19 0 0 0 0 -0.649 0 0 0 0 0 0 0 1
-1.786 0.044 -0.867 0.242 -0.501 0.077 -0.375 0 0 0 0 0 0 0 0 0 0 -0.838 0 1
0.347 -0.635 -0.699 0.071 0.605 -0.384 1.106 0 0 0 0 0 0 -0.264 0 0 0 0 0 1
-0.251 0.394 0.832 -1.068 -0.425 -0.395 -0.115 0 0 0 0 0 0 -0.946 0 0 0 0 0 1
0.13 0.347 -0.879 0.497 -0.099 -0.405 0.493 0 0 0 -0.631 0 0 0 0 0 0 0 0 1
-0.756 -0.124 -0.524 0.148 0.527 0.219 -0.665 0 0 0 0 0 0 0 -0.412 0 0 0 0 1
-0.296 0.089 -1.316 -0.265 0.319 -0.007 0.189 0 0 0 0 0 0 -0.199 0 0 0 0 0 1
0.245 -1.037 0.759 1.585 -2.028 -0.842 0.775 0 0 0 0 0.464 0 0 0 0 0 0 0 1
-1.137 0.685 -0.418 -0.243 -0.259 0.15 -0.026 0 0 -0.662 0 0 0 0 0 0 0 0 0 1
-0.442 -1.781 -1.469 0.522 0.21 0.264 -0.005 0 0 0 0 0 0 0 0 1.911 0 0 0 1
-1.07 0.669 -0.239 1.206 -0.253 0.808 -1.057 0 0 0 0 0 -1.147 0 0 0 0 0 0 1
0.473 0.019 -0.198 1.437 -0.977 0.365 -0.245 0 -0.804 0 0 0 0 0 0 0 0 0 0 1
1.259 0.534 0.331 -0.203 -0.069 -0.671 -0.08 0 0 0 0 0 0 0 0 0 -1.482 0 0 1
-0.193 -0.055 0.632 -0.295 0.452 -1.297 -0.172 0 0 0 0 0 0 0 0 1.84 0 0 0 1
-0.311 -0.884 0.221 -0.148 0.367 0.687 -0.351 0 0 0 0 -0.306 0 0 0 0 0 0 0 1
-0.775 -0.188 0.446 -0.088 -0.534 -0.394 0.571 0 0 0 0 0 0 -0.136 0 0 0 0 0 1
0.403 -2.872 0.65 0.33 1.259 0.228 1.16 0 0 0 0 0 0 0 0 -0.281 0 0 0 1
3.193 1.505 0.708 -1.317 0.289 0.633 -0.86 0 0 0 0 0 0 0 0 1.383 0 0 0 1
0.354 1.715 -0.54 0.337 -0.062 -0.471 -0.594 0 0 0 0 -0.638 0 0 0 0 0 0 0 1
2.069 3.942 -0.183 0.298 -1.212 1.283 -1.611 -4 0 0 0 0 0 0 0 0 0 0 0 1
0.609 0.011 -0.616 -1.048 0.342 -0.774 0.701 0 0 0 -0.518 0 0 0 0 0 0 0 0 1
0.663 0.174 -0.997 1.64 1.642 0.51 -0.686 -1.14 0 0 0 0 0 0 0 0 0 0 0 1
-0.058 2.008 0.691 0.037 0.429 0.448 -0.331 0 0 0 0 0 -2.055 0 0 0 0 0 0 1
-0.521 1.535 -0.158 0.085 -0.473 -0.197 0.215 0 0 -1.251 0 0 0 0 0 0 0 0 0 1
-0.698 0.206 0.005 1.461 -0.905 1.23 -0.774 0 0 0 0 0 -0.912 0 0 0 0 0 0 1
1.124 0.581 -0.696 0.628 1.857 1.195 -1.652 0 0 0 0 0 0 0 0 0.325 0 0 0 1
-0.493 0.251 0.481 0.24 -0.676 0.125 -0.526 0 0 0 0 -0.445 0 0 0 0 0 0 0 1
0.448 -0.547 -1.731 1.677 -0.133 -2.962 1.76 0 0 0 0.226 0 0 0 0 0 0 0 0 1
0.205 0.295 0.473 -1.018 0.57 -1.154 0.011 0 -0.379 0 0 0 0 0 0 0 0 0 0 1
0.362 -1.12 0.509 0.443 0.013 -1.112 0.542 0 0 0 0 0.437 0 0 0 0 0 0 0 1
0.919 0.378 0.519 0.872 -0.755 0.163 -0.58 0 0 0 0 0 -0.585 0 0 0 0 0 0 1
-0.13 0.583 -0.01 1.183 1.038 -1.398 -1.682 0 -1.43 0 0 0 0 0 0 0 0 0 0 1
-1.971 0.418 -0.434 -0.142 -0.622 0.494 -0.123 0 0 0 0 0 0 0 0 0 0 -1.14 0 1
-0.066 0.327 1.014 -1.8 -0.592 -0.367 1.053 0 0 0 0 0 0 -0.431 0 0 0 0 0 1
0.288 1.364 0.664 -0.851 0.733 -1.134 2.019 0 0 0 0 0 0 -1.445 0 0 0 0 0 1
0.142 -0.185 1.423 -1.799 0.645 -0.863 1.891 0 0 0 0 0 0 -0.021 0 0 0 0 0 1
0.041 -1.03 1.776 -2.163 0.141 0.381 1.857 0 0 0 0 0 0 0.898 0 0 0 0 0 1
0.394 -1.069 0.455 -0.97 -0.479 -0.741 0.932 0 0 0 0 0 0 0.078 0 0 0 0 0 1
-0.477 -0.476 0.978 -0.312 -1.341 -0.317 0.002 0 0 0 0 0 0 0 -0.743 0 0 0 0 1
0.291 0.584 -0.298 0.147 -0.126 -0.938 0.754 0 0 0 0 0 0 -0.818 0 0 0 0 0 1
-0.292 -1.374 -1.634 2.539 -0.222 0.704 -2.342 1.362 0 0 0 0 0 0 0 0 0 0 0 1
-0.924 -1.868 0.823 2.385 -0.358 -0.766 -2.764 -1.171 0 0 0 0 0 0 0 0 0 0 0 1
0.176 -0.452 -0.104 -0.107 -0.555 -0.082 -0.017 0 0 0 0 0 0 0 0.157 0 0 0 0 1
-0.044 0.097 -0.888 0.962 -0.521 0.392 0.056 0 0 0 0 0 0 0 -0.164 0 0 0 0 1
3.081 2.358 -2.938 0.549 1.841 -2.68 0.082 0 0 0 0 0 0 0 0 1.087 0 0 0 1
-0.421 -0.242 0.199 -0.421 -0.269 0.068 0.051 0 0 0 0 0 0 0 -0.227 0 0 0 0 1
-1.273 -0.152 -1.11 0.168 -0.371 0.411 0.251 0 0 -0.52 0 0 0 0 0 0 0 0 0 1
-1.191 0.544 -1.147 0.212 -1.029 0.605 -0.02 0 0 -0.933 0 0 0 0 0 0 0 0 0 1
0.571 0.559 1.429 -0.504 -1.147 -1.294 -0.181 0.324 0 0 0 0 0 0 0 0 0 0 0 1
-0.132 -0.204 0.946 -1.491 0.436 -0.224 0.574 0 0 0 0 0 0 -0.541 0 0 0 0 0 1
1.408 2.845 0.978 -1.442 1.107 -0.305 -0.429 -2.601 0 0 0 0 0 0 0 0 0 0 0 1
0.648 -0.03 0.978 1.264 -1.662 -1.55 1.287 0 0 0 0 0 0 0 -1.633 0 0 0 0 1
1.11 -1.858 -0.992 1.034 0.473 -0.568 -0.81 0 0 0 0 0 0 0 1.378 0 0 0 0 1
1.107 0.407 -0.876 -0.266 2.44 -0.92 0.306 0 0 0 -0.889 0 0 0 0 0 0 0 0 1
-0.617 -0.702 0.543 -1.054 1.267 0.267 -1.104 0 0 0 -0.064 0 0 0 0 0 0 0 0 1
-0.389 0.57 0.789 -0.322 1.512 -1.32 -0.459 0 -0.608 0 0 0 0 0 0 0 0 0 0 1
0.553 -0.073 1.051 -0.679 -0.296 0.685 -0.194 -1.833 0 0 0 0 0 0 0 0 0 0 0 1
2.591 -2.418 0.054 -0.808 -0.025 -1.489 0.731 0 0 0 0 0 0 0 2.875 0 0 0 0 1
-0.406 -0.116 0.802 -0.746 0.493 0.336 0.745 0 -0.552 0 0 0 0 0 0 0 0 0 0 1
-0.407 -0.28 -1.03 0.778 0.238 -0.327 -0.339 0 0 0 0 0 0 0 -0.295 0 0 0 0 1
0.68 0.502 -0.475 0.163 0.019 -0.791 -1.427 0 0 0 0 -0.602 0 0 0 0 0 0 0 1
0.902 -1.052 1.253 -1.287 0.214 -0.244 -1.676 0 -0.306 0 0 0 0 0 0 0 0 0 0 1
1.92 1.166 0.784 1.069 -0.137 -1.843 1.935 0 0 0 -1.355 0 0 0 0 0 0 0 0 1
0.19 0.538 -0.327 0.488 -0.931 0.084 0.472 0 0 0 0 0 0 0 0 0 -0.267 0 0 1
-1.47 1.209 0.407 0.681 0.704 0.07 -0.822 0 0 0 0 0 -1.669 0 0 0 0 0 0 1
-0.264 -0.981 -0.171 -0.607 -0.784 -0.205 -1.439 0 0 0 0 0 0 0 0 0.897 0 0 0 1
0.102 0.823 0.789 0.024 -0.601 -1.936 0.111 0 0 0 0 0 0 0 0 0 -1.864 0 0 1
-0.586 -1.115 -0.973 0.405 0.096 -0.512 -0.528 0 0 0 0 0.289 0 0 0 0 0 0 0 1
-1.851 -0.124 -0.424 -0.199 -0.159 0.457 -0.406 0 0 0 0 0 0 0 0 0 0 -0.605 0 1
1.572 0.661 -2.377 2.339 -2.199 -3.18 1.121 0 1.075 0 0 0 0 0 0 0 0 0 0 1
0.525 0.871 -0.799 1.583 0.652 -0.729 0.11 0 -0.515 0 0 0 0 0 0 0 0 0 0 1
0.079 -0.316 -0.224 -1.501 -0.984 -1.191 2.004 0 0 0 -0.7 0 0 0 0 0 0 0 0 1
-1.964 -0.249 0.204 -0.586 -0.407 0.691 -0.671 0 0 0 0 0 0 0 0 0 0 -0.797 0 1
0.084 -0.122 -1.181 1.098 -0.194 1.601 0.331 0 0 0 0 -0.857 0 0 0 0 0 0 0 1
-0.108 -0.547 0.425 0.159 1.271 0.364 -0.499 -0.96 0 0 0 0 0 0 0 0 0 0 0 1
1.364 1.41 2.387 -1.271 -3.098 -0.157 3.307 0 0 0 -2.36 0 0 0 0 0 0 0 0 1
0.112 1.087 0.758 -0.627 0.842 -0.782 1.394 0 0 0 0 0 0 -1.249 0 0 0 0 0 1
-0.685 0.382 0.133 0.302 -0.162 0.969 -0.617 0 0 0 0 0 -0.933 0 0 0 0 0 0 1
1.089 1.161 -0.6 0.376 -0.663 0.161 3.168 0 0 0 -1.211 0 0 0 0 0 0 0 0 1
-0.939 -0.514 -0.982 0.45 -0.929 -0.725 0.639 0 0 0 0 0 0 0.245 0 0 0 0 0 1
-0.261 -0.058 -0.675 -0.584 -0.429 0.54 1.444 0 0 0 0 0 0 -0.458 0 0 0 0 0 1
1.554 1.939 1.266 0.424 -0.496 -0.068 0.414 0 -2.204 0 0 0 0 0 0 0 0 0 0 1
-1.418 0.404 1.141 -1.64 0.542 0.265 -0.785 0 0 0 0 0 0 0 0 0 0 -0.53 0 1
0.787 1.354 0.525 0.621 -1.348 0.525 1.982 0 0 0 -0.551 0 0 0 0 0 0 0 0 1
0.846 -1.686 -1.224 1.904 -1.523 -0.001 0.834 0 0 0 0 0 0 0 0 4.439 0 0 0 1
0.419 1.081 0.447 -1.226 1.236 -0.174 1.121 0 0 0 0 0 0 -0.565 0 0 0 0 0 1
-0.471 0.347 -0.094 -0.331 0.858 -0.458 -0.109 0 0 0 0 -0.777 0 0 0 0 0 0 0 1
0.457 1.308 -0.41 0.214 -0.854 0.915 -0.401 0 0 0 0 0 0 0 0 0 0 -0.779 0 1
-0.66 -0.195 -0.183 0.478 0.113 -0.101 -0.772 0 0 0 0 0.643 0 0 0 0 0 0 0 1
0.366 0.174 0.321 0.155 -0.338 -0.211 0.567 0 0 0 -0.94 0 0 0 0 0 0 0 0 1
-0.454 0.243 -0.518 -0.072 0.69 0.328 -0.507 0 0 0 0 -0.208 0 0 0 0 0 0 0 1
-1.458 1.161 0.237 -0.351 0.914 1.745 -0.958 0 0 0 0 0 0 0 0 0 0 -0.517 0 1
0.064 -2.663 2.382 -0.408 0.15 0.487 0.133 0 0 0 0 0 0 0 1.048 0 0 0 0 1
0.46 -0.085 0.069 -1.136 -0.242 -1.645 1.443 0 0 0 0 -0.327 0 0 0 0 0 0 0 1
0.116 0.462 0.611 -0.668 -0.81 -0.374 1.183 0 0 0 0 0 0 -0.317 0 0 0 0 0 1
0.542 -0.264 -2.649 1.554 3.031 0.962 -1.089 0 0 0 0 0 0 0 0 1.176 0 0 0 1
0.457 -0.669 0.444 0.026 0.782 1.255 0.072 0 0 0 0 0 0 0 0 1.44 0 0 0 1
0.257 -0.29 0.186 -0.148 0.475 -0.864 0.468 0 0 0 0 0 0 0 0 0.355 0 0 0 1
-0.098 -0.25 0.29 -0.514 0.387 0.159 0.085 0 0 0 0 0.005 0 0 0 0 0 0 0 1
0.269 2.166 0.121 -1.452 -3.372 0.327 1.361 0 0 0 0 0 0 0.821 0 0 0 0 0 1
-1.998 0.114 -0.269 -0.404 -0.617 0.48 0.167 0 0 0 0 0 0 0 0 0 0 -1.002 0 1
-1.012 2.086 -0.229 0.057 -1.004 1.564 -0.739 0 0 0 0 0 0 0 0 0 0 -1.831 0 1
0.624 0.403 -0.101 0.211 -0.589 -0.706 0.369 0 0 0 0 0 0 0 0 0 -0.128 0 0 1
0.89 0.564 -0.808 1.14 -0.337 -0.188 -0.157 0 -0.756 0 0 0 0 0 0 0 0 0 0 1
0.531 -1.393 0.492 0.323 -0.203 -0.227 0.332 0 0 0 0.706 0 0 0 0 0 0 0 0 1
-0.866 -1.681 -0.807 0.951 -0.245 -0.35 0.872 0 0 0 0 -0.442 0 0 0 0 0 0 0 1
0.022 0.142 0.266 -0.602 -0.045 -1.097 0.138 0 0 0 0 0 0 -0.179 0 0 0 0 0 1
-0.304 0.402 0.54 1.457 -1.549 -0.965 0.86 0 0.08 0 0 0 0 0 0 0 0 0 0 1
-0.459 0.216 -0.221 2.839 -2.261 2.317 -1.321 0 0 0 -0.722 0 0 0 0 0 0 0 0 1
-0.09 0.254 -0.233 -0.642 0.948 0.533 -0.884 0 0 0 0 -0.453 0 0 0 0 0 0 0 1
0.339 -0.119 0.872 -0.28 0.468 -0.1 0.447 0 -0.348 0 0 0 0 0 0 0 0 0 0 1
-0.132 1.535 0.439 1.307 -1.047 -0.504 -0.625 0 -0.6 0 0 0 0 0 0 0 0 0 0 1
0.461 -0.001 -0.04 -0.21 0.487 -0.592 -0.524 0 0 0 0 0 0 0 0 0 -0.556 0 0 1
1.249 -0.29 1.347 -1.325 -0.905 -0.471 2.081 0 0 0 1.233 0 0 0 0 0 0 0 0 1
0.759 1.837 0.21 0.473 -0.986 -0.332 0.385 0 -2.337 0 0 0 0 0 0 0 0 0 0 1
0.118 -0.5 0.747 0.059 -0.005 -0.023 1.65 0 0 0 0 -0.701 0 0 0 0 0 0 0 1
1.461 1.544 -0.704 0.675 0.485 -0.517 -0.686 -0.871 0 0 0 0 0 0 0 0 0 0 0 1
0.344 1.699 -0.204 0.882 -1.441 -0.554 1.697 0 0 0 -1.558 0 0 0 0 0 0 0 0 1
-0.188 -0.156 -0.136 0.058 0.167 -0.009 -0.178 0 0 0 0 -0.94 0 0 0 0 0 0 0 1
0.823 0.64 -1.118 -0.293 0.395 -0.761 0.925 0 0 0 0 0 0 0 0 -3.131 0 0 0 1
0.776 -0.931 -0.042 0.646 1.938 -0.391 1.042 0 0 0 -0.109 0 0 0 0 0 0 0 0 1
2.643 -0.023 0.056 -2.486 2.292 1.477 1.363 0 0 0 0 0 0 -1.128 0 0 0 0 0 1
0.247 -0.343 -1.316 1.371 0.192 0.501 -0.124 0 0.123 0 0 0 0 0 0 0 0 0 0 1
1.597 1.778 2.112 1.639 -1.011 -2.047 1.259 0 0 0 0 0 0 0 0 3.198 0 0 0 1
0.875 1.011 0.19 -0.606 -0.298 0.817 -0.272 0 0 0 0 0 0 0 0 0 -1.957 0 0 1
-0.651 0.199 0.241 -0.28 1.201 -0.973 0.448 0 0 0 0 -0.948 0 0 0 0 0 0 0 1
0.585 -0.413 -1.128 0.742 0.424 1.054 -0.653 0 0 0 0 0 0 0 0 -2.286 0 0 0 1
0.075 0.538 0.258 0.838 0.467 -0.442 2.405 0 0 0 -1.2 0 0 0 0 0 0 0 0 1
-2.199 0.002 0.049 -0.401 -0.115 0.974 -0.475 0 0 0 0 0 0 0 0 0 0 -0.893 0 1
0.252 0.764 0.865 -1.066 -0.515 -0.38 0.123 0 0 0 0 -1.014 0 0 0 0 0 0 0 1
0.486 -0.735 -0.641 0.552 -0.234 0.971 -0.697 0 -0.205 0 0 0 0 0 0 0 0 0 0 1
0.707 0.79 -0.863 0.946 0.649 -0.348 -1.428 -0.949 0 0 0 0 0 0 0 0 0 0 0 1
0.09 1.826 0.547 -1.996 0.863 0.947 -0.258 0 0 0 -2.708 0 0 0 0 0 0 0 0 1
0.898 0.207 0.231 0.929 0.857 -0.566 -0.595 0 0 0 0 0 -0.258 0 0 0 0 0 0 1
0.815 0.853 -1.11 0.513 1.302 -1.442 0.771 0 0 0 0 0 0 0 0 0.792 0 0 0 1
-1.961 0.305 -0.795 -0.269 0.012 1.061 -0.046 0 0 0 0 0 0 0 0 0 0 -0.751 0 1
0.42 0.883 -0.299 0.256 0.42 -0.221 -0.686 -0.633 0 0 0 0 0 0 0 0 0 0 0 1
-1.897 0.209 -0.442 -0.126 -0.113 1.057 -0.394 0 0 0 0 0 0 0 0 0 0 -0.765 0 1
-0.294 0.007 -0.442 0.611 -0.363 -0.026 -0.186 0 0 0 -0.981 0 0 0 0 0 0 0 0 1
-0.385 -1.241 0.861 -0.074 -1.731 0.884 0.038 0 0 0 0 0 0 0 0 -0.528 0 0 0 1
-0.356 0.935 1.087 -0.365 0.631 0.127 -0.799 0 0 0 0 0 0 0 0 0 0 -1.837 0 1
1.742 2.302 1.692 -0.444 0.527 -1.026 0.155 -2.751 0 0 0 0 0 0 0 0 0 0 0 1
-0.566 -0.298 -0.553 0.028 0.319 1.165 -0.437 0 0 0 -0.815 0 0 0 0 0 0 0 0 1
0.132 0.145 0.315 -0.127 -0.067 -0.938 -0.415 0 -0.695 0 0 0 0 0 0 0 0 0 0 1
0.018 -0.123 -0.393 0.056 0.643 -0.239 -0.257 0 0 0 -1.035 0 0 0 0 0 0 0 0 1
-1.011 -1.268 0.562 3.765 -2.489 0.321 -1.669 -2.072 0 0 0 0 0 0 0 0 0 0 0 1
-0.024 0.397 -0.228 -0.039 0.9 -0.406 -0.37 -0.767 0 0 0 0 0 0 0 0 0 0 0 1
-2.011 0.09 -0.238 -0.429 -0.638 0.861 -0.492 0 0 0 0 0 0 0 0 0 0 -1.035 0 1
0.411 -1.764 -2.102 1.611 -2.851 1.261 0.474 0 0 0 0 0 0 0 0 2.929 0 0 0 1
0.384 0.129 -0.328 -0.268 -0.039 -0.239 -0.137 0 -0.529 0 0 0 0 0 0 0 0 0 0 1
-0.186 -1.341 1.152 -1.084 0.116 2.29 -0.431 0.2 0 0 0 0 0 0 0 0 0 0 0 1
-1.311 0.976 0.054 -0.157 -0.563 1.095 -2.078 0 0 0 0 0 0 0 0 0 0 -0.436 0 1
0.129 0.542 0.581 -0.639 -0.085 1.604 -1.568 0 0 0 0 0 0 0 0 0 0 -1.295 0 1
-1.567 -1.137 -0.374 -1.073 0.179 1.021 0.602 0 0 0 0 0 0 0 0 0 0 -0.358 0 1
-1.123 0.018 -0.362 0.902 -0.255 0.217 -0.512 0 0 0 0 0 -0.726 0 0 0 0 0 0 1
0.411 -0.115 0.107 -2.361 0.915 0.131 0.391 0 0 0 0 0 0 0.555 0 0 0 0 0 1
-0.579 -0.023 0.049 1.016 0.105 0.6 1.334 0 0 0 0 0 0 0 0 0 -1.693 0 0 1
0.967 -0.719 0.322 -1.699 0.491 0.187 0.721 0 0 0 0 0 0 0.904 0 0 0 0 0 1
1.673 -1.654 0.2 1.349 0.479 -1.922 1.776 0 0 0 0.336 0 0 0 0 0 0 0 0 1
-0.472 0.074 -0.072 0.109 -0.151 -0.715 -0.164 0 0 0 0 0 0 0.022 0 0 0 0 0 1
0.185 0.328 2.139 -1.775 0.473 -0.636 -0.271 0 0 0 0 0 0 -0.527 0 0 0 0 0 1
0.264 0.829 -0.094 -0.689 -0.219 -0.392 -1.141 0 0 0 0 0 0 -0.363 0 0 0 0 0 1
-0.525 -0.426 0.931 -0.929 1.309 1.227 0.286 0 0 0 0 0 0 0 0 0.552 0 0 0 1
-0.403 0.189 0.755 -0.559 -0.449 -1.183 1.072 0 0 0 0 0 0 -0.479 0 0 0 0 0 1
0.063 1.309 1.131 -1.164 -0.651 -0.683 0.77 0 0 0 0 0 0 -1.459 0 0 0 0 0 1
0.641 -0.233 1.083 -1.339 0.185 -0.851 3.089 0 0 0 0.104 0 0 0 0 0 0 0 0 1
-0.97 -0.501 1.073 -1.098 2.205 0.329 -0.055 0 0 0 0 -1.361 0 0 0 0 0 0 0 1
0.897 0.158 -0.763 0.721 0.312 -1.045 0.204 0 -0.274 0 0 0 0 0 0 0 0 0 0 1
0.144 -1.285 0.073 0.678 0.372 0.229 0.422 -0.765 0 0 0 0 0 0 0 0 0 0 0 1
0.095 1.762 0.937 -0.21 -0.814 0.713 0.651 0 0 0 -1.599 0 0 0 0 0 0 0 0 1
1.242 -1.393 -0.255 -0.444 0.391 0.412 1.136 0 -0.122 0 0 0 0 0 0 0 0 0 0 1
-1.713 0.469 -0.203 -0.333 -0.234 0.115 -0.361 0 0 0 0 0 0 0 0 0 0 -1.008 0 1
0.254 0.296 0.194 0.27 0.127 -0.377 -0.295 -0.94 0 0 0 0 0 0 0 0 0 0 0 1
-1.156 -0.182 -0.241 0.304 -0.166 -0.507 -0.002 0 0 -0.215 0 0 0 0 0 0 0 0 0 1
0.981 -0.69 1.353 0.519 -1.442 -2.105 1.579 0 0 0 1.252 0 0 0 0 0 0 0 0 1
0.594 0.723 -0.937 0.842 -0.97 -0.516 -0.072 0 0 0 -0.933 0 0 0 0 0 0 0 0 1
1.103 -1.602 -1.021 1.749 2.406 -0.508 0.264 0 0 0 1.874 0 0 0 0 0 0 0 0 1
-0.518 1.634 -0.424 0.491 -1.342 0.202 0.395 0 -1.083 0 0 0 0 0 0 0 0 0 0 1
0.349 -0.31 0.149 -0.224 -0.43 -0.267 0.281 0 0.015 0 0 0 0 0 0 0 0 0 0 1
1.605 3.663 -3.299 2.689 -0.979 -1.823 -1.442 0 0 0 0 0 0 0 0 -0.944 0 0 0 1
-0.64 -0.889 -0.226 0.076 0.052 0.273 -0.257 0 0 0 0 -0.118 0 0 0 0 0 0 0 1
-0.016 0.779 0.598 -0.556 0.961 -0.249 0.146 0 0 0 -1.393 0 0 0 0 0 0 0 0 1
-1.142 0.533 -2.047 0.211 0.748 -0.194 -0.029 0 0 0 0 0 0 -0.571 0 0 0 0 0 1
-0.066 0.061 0.164 0.767 0.347 -0.81 -0.677 0 -0.757 0 0 0 0 0 0 0 0 0 0 1
-0.448 0.196 0.681 -0.289 -0.199 0.747 -0.162 0 0 0 -1.053 0 0 0 0 0 0 0 0 1
0.308 -0.516 0.043 0.006 1.031 -0.292 -0.098 -0.751 0 0 0 0 0 0 0 0 0 0 0 1
-0.739 -0.397 1.371 -0.94 1.926 -0.184 -0.604 0 0 0 0 -0.419 0 0 0 0 0 0 0 1
0.715 0.808 3.319 -2.614 -0.719 0.178 -0.154 0 -0.941 0 0 0 0 0 0 0 0 0 0 1
0.094 -0.343 -0.273 0.23 -0.004 -0.382 -1.009 0 0 0 0 0.587 0 0 0 0 0 0 0 1
1.045 0.623 0.439 -2.397 0.712 0.655 0.067 0 0 0 0 0 0 -1.297 0 0 0 0 0 1
1.279 0.288 -0.724 0.315 1.161 0.099 -0.042 -0.769 0 0 0 0 0 0 0 0 0 0 0 1
0.614 -0.232 -0.603 1.651 -0.644 -1.776 1.98 0 0 0 -1.058 0 0 0 0 0 0 0 0 1
-1.591 0.107 -0.486 -0.076 0.729 0.175 -0.924 0 0 0 0 0 0 0 0 0 0 -0.395 0 1
0.254 0.296 0.194 0.27 0.127 -0.377 -0.295 -0.94 0 0 0 0 0 0 0 0 0 0 0 1
0.271 0.533 -0.117 1.136 -0.395 -0.214 0.776 0 0 0 0 0 0 0 0 -0.67 0 0 0 1
0.439 0.496 0.289 0.337 1.908 0.896 -0.129 0 0 0 0 -1.415 0 0 0 0 0 0 0 1
0.818 -1.693 -0.876 1.297 -2.054 0.228 0.205 0.746 0 0 0 0 0 0 0 0 0 0 0 1
0.103 0.367 0.579 -1.806 0.353 -0.883 1.424 0 0 0 0 0 0 -1.072 0 0 0 0 0 1
1.079 -0.566 0.682 -2.737 0.839 -0.295 0.593 0 0 0 0 0 0 1.492 0 0 0 0 0 1
-1.205 0.071 -0.195 -0.739 0.554 0.567 0.284 0 0 -0.732 0 0 0 0 0 0 0 0 0 1
0.942 -3.822 -2.689 2.299 1.415 -1.189 1.47 0 0 0 0 0 0 0 5 0 0 0 0 1
0.294 0.292 0.574 0.636 0.219 -0.039 -1.204 0 0 0 0 0 -0.881 0 0 0 0 0 0 1
0.288 0.654 -0.319 0.591 1.096 -0.909 -0.462 0 0 0 -1.11 0 0 0 0 0 0 0 0 1
-0.989 -0.609 1.629 -1.078 0.455 0.452 -0.425 0 0 0 0 -1.073 0 0 0 0 0 0 0 1
0.885 0.995 -0.098 1.36 0.473 -0.852 -0.542 0 -0.984 0 0 0 0 0 0 0 0 0 0 1
1.344 0.389 3.62 -4.742 0.655 -1.294 3.564 0 0 0 -0.152 0 0 0 0 0 0 0 0 1
0.395 -0.439 -0.144 0.072 -0.402 0.669 0.946 0 0 0 0 0 0 0 0 -0.255 0 0 0 1
0.297 -1.292 0.275 -0.896 1.168 -0.199 -0.215 0 0 0 -0.743 0 0 0 0 0 0 0 0 1
1.705 0.028 1.53 -0.343 -2.109 -1.308 1.268 0 0 0 0 0 0 0 1.441 0 0 0 0 1
-0.866 -0.272 -0.443 -0.428 1.934 0.073 -0.462 0 0 0 0 -0.751 0 0 0 0 0 0 0 1
0.082 1.231 0.614 0.919 -1.029 0.741 0.285 0 0 0 0 0 -1.488 0 0 0 0 0 0 1
0.281 1.209 0.004 0.333 -1.688 -0.078 0.142 -0.66 0 0 0 0 0 0 0 0 0 0 0 1
-0.131 -0.267 -0.04 -0.05 -0.484 0.839 -0.422 0 0 0 0 -0.499 0 0 0 0 0 0 0 1
0.917 0.215 -0.165 0.152 0.565 -0.043 -1.043 0 0 0 0 0 0 0 0 -0.546 0 0 0 1
-2.959 2.692 5 -3.442 -5 -0.811 -0.789 0 0 0 4.99 0 0 0 0 0 0 0 0 1
0.305 1.109 -0.216 -0.103 0.135 -0.993 -0.014 0 0 0 -1.325 0 0 0 0 0 0 0 0 1
0.44 -1.171 1.697 -0.103 0.211 -1.951 -0.141 0 0 0 2.127 0 0 0 0 0 0 0 0 1
-1.066 -0.375 -0.419 2.886 -1.534 0.721 -1.254 -1.226 0 0 0 0 0 0 0 0 0 0 0 1
-0.04 -1.066 0.275 0.341 -0.253 0.126 -0.088 0 -0.038 0 0 0 0 0 0 0 0 0 0 1
0.628 -0.453 1.659 -2.819 1.291 -0.223 -0.435 0 0 0 0 0 0 0.4 0 0 0 0 0 1
-1.877 -0.006 -0.276 -0.132 -0.653 0.717 -0.334 0 0 0 0 0 0 0 0 0 0 -1.032 0 1
-0.019 -0.52 -1.405 0.968 0.956 -0.251 -0.083 0 0 0 0 0 0 0 0.23 0 0 0 0 1
0.494 1.313 -0.484 0.617 -0.01 -0.35 0.147 0 0 0 0.251 0 0 0 0 0 0 0 0 1
0.741 0.875 -0.598 0.829 -0.804 0.067 0.096 0 -0.389 0 0 0 0 0 0 0 0 0 0 1
0.625 1.136 -0.958 2.188 1.24 -2.004 -0.473 -0.521 0 0 0 0 0 0 0 0 0 0 0 1
1.275 0.028 0.145 0.315 -0.334 -0.244 -0.293 0 0.061 0 0 0 0 0 0 0 0 0 0 1
0.868 0.389 -0.862 -0.414 2.63 -0.453 0.465 -1.713 0 0 0 0 0 0 0 0 0 0 0 1
1.045 -1.173 -1.328 0.529 -0.276 3.304 -0.252 0 0 0 0 0 0 0 0 2.093 0 0 0 1
0.48 -2.049 2.64 -1.763 -1.906 0.67 1.675 0 0 0 0 0 0 0 0 -1.475 0 0 0 1
-0.596 0.948 -0.128 0.79 1.333 0.915 -1.892 0 0 0 0 0 0 0 0 -1.678 0 0 0 1
0.372 0.753 -0.778 0.42 0.46 -0.066 -1.309 -0.536 0 0 0 0 0 0 0 0 0 0 0 1
0.634 -0.01 0.769 -0.243 0.543 -0.965 -0.673 -0.869 0 0 0 0 0 0 0 0 0 0 0 1
0.421 -0.879 1.204 -0.541 -0.447 -0.338 -0.973 0 0 0 0.173 0 0 0 0 0 0 0 0 1
0.366 0.174 0.321 0.155 -0.338 -0.211 0.567 0 0 0 -0.94 0 0 0 0 0 0 0 0 1
-0.185 0.099 0.45 -0.852 -0.101 -0.314 0.709 0 0 0 0 0 0 -0.94 0 0 0 0 0 1
0.366 0.174 0.321 0.155 -0.338 -0.211 0.567 0 0 0 -0.94 0 0 0 0 0 0 0 0 1
-0.071 -0.621 0.925 -1.076 1.069 0.124 -0.842 -1.387 0 0 0 0 0 0 0 0 0 0 0 1
-1.028 0.19 0.416 -0.84 0.399 0.242 0.225 0 0 0 0 0 0 -0.471 0 0 0 0 0 1
-0.052 -0.111 -0.454 0.253 0.025 -0.025 -0.694 0 0 0 0 0 0 0 0.069 0 0 0 0 1
0.096 -0.011 -0.033 -0.233 -0.13 -0.776 1.045 0 -0.499 0 0 0 0 0 0 0 0 0 0 1
-0.066 -0.886 0.658 -0.941 0.463 -0.159 -0.158 0 0 0 -0.363 0 0 0 0 0 0 0 0 1
1.309 0.408 0.203 0.677 -1.77 0.009 0.539 0 0 0 -1.203 0 0 0 0 0 0 0 0 1
0.652 -2.631 0.306 -1.814 -1.135 -1.321 4.184 0 0 0 -0.179 0 0 0 0 0 0 0 0 1
-1.102 -0.695 -1.015 0.691 -0.467 0.592 -0.946 0 0 0 0 -0.578 0 0 0 0 0 0 0 1
-0.474 0.248 0.235 0.292 1.275 0.112 -2.096 0 0 0 0 0 -1.123 0 0 0 0 0 0 1
-0.163 0.072 1.358 -0.923 -0.298 -0.476 0.954 0 0 0 0 0 0 -0.21 0 0 0 0 0 1
-1.004 -0.018 0.051 -0.231 0.191 -0.103 0.124 0 0 0 0 -0.218 0 0 0 0 0 0 0 1
1.167 0.994 0.99 -0.988 -0.421 1.978 -0.094 0 0 0 0 -0.866 0 0 0 0 0 0 0 1
0.59 0.542 -0.191 -0.169 -0.655 -0.905 0.011 0 0 0 -1.27 0 0 0 0 0 0 0 0 1
0.023 -0.886 0.62 -0.003 -1.517 -1.538 2.028 0 0 0 0 0.637 0 0 0 0 0 0 0 1
-0.105 -0.004 0.113 -1.469 2.693 0.509 -2.041 0 -1.595 0 0 0 0 0 0 0 0 0 0 1
0.345 0.537 -0.576 -0.198 0.22 0.223 -0.756 0 0 0 0 0 0 0 -0.196 0 0 0 0 1
0.987 -2.094 -0.097 -0.112 1.009 -0.304 0.868 0 0 0 -0.428 0 0 0 0 0 0 0 0 1
-0.927 -0.761 -0.109 -0.627 0.081 0.042 0.366 0 0 0 0 0 0 -0.135 0 0 0 0 0 1
1.165 -0.913 0.796 -0.389 0.341 0.732 -0.437 0 0 0 -0.436 0 0 0 0 0 0 0 0 1
-1.598 0.014 -0.151 0.726 -4.679 -0.321 -4.094 0 1.321 0 0 0 0 0 0 0 0 0 0 1
-0.237 0.769 -0.832 -0.212 -0.422 0.661 0.554 0 0 0 0 0 0 -0.862 0 0 0 0 0 1
-0.356 1.213 -0.017 -0.729 -0.113 -0.096 -0.23 0 0 0 0 -1.999 0 0 0 0 0 0 0 1
-0.424 0.59 0.022 0.686 0.36 1.19 -1.867 0 0 0 0 0 -1.565 0 0 0 0 0 0 1
0.909 -0.694 0.146 -0.327 -0.791 -0.008 0.976 -0.758 0 0 0 0 0 0 0 0 0 0 0 1
0.342 -0.219 1.16 -0.784 -0.884 -2.797 0.736 0 0 0 0.968 0 0 0 0 0 0 0 0 1
1.289 -0.528 -0.564 0.686 3.063 -0.359 -1.115 0 0 0 0 0 0 0 0 0.802 0 0 0 1
0.786 -0.412 -0.38 0.815 0.209 0.308 -0.187 0 0 0 0 0 0 0 0 -0.94 0 0 0 1
0.021 -1.57 -0.875 1.262 -1.029 -0.053 -0.343 0 0 0 0 0 0 0 0.43 0 0 0 0 1
-0.513 -1.05 0.152 0.246 -0.773 0.836 0.079 0 0 0 0 0 0 0 -0.007 0 0 0 0 1
-0.954 2.861 2.814 -0.278 -3.427 0.965 -2.632 0 0 0 -0.562 0 0 0 0 0 0 0 0 1
-0.496 0.977 -0.522 0.04 -0.19 0.265 -0.142 0 0 0 0 0 0 -1.895 0 0 0 0 0 1
0.352 0.048 0.833 -1.74 -1.559 0.095 1.721 0 0 0 -1.342 0 0 0 0 0 0 0 0 1
0.703 -1.502 -1.637 1.063 1.121 0.407 1.314 0 0 0 1.207 0 0 0 0 0 0 0 0 1
0.502 0.354 0.504 -0.845 -0.081 0.48 1.115 0 0 0 -0.744 0 0 0 0 0 0 0 0 1
-0.143 0.089 0.859 0.517 -1.613 -0.327 1.959 0 0 0 -1.882 0 0 0 0 0 0 0 0 1
0.301 0.068 0.493 -1.064 0.498 -0.601 1.116 0 0 0 0 0 0 0.326 0 0 0 0 0 1
1.571 0.79 0.699 -2.233 3.567 -0.641 -0.395 0 0 0 0 0 0 0.924 0 0 0 0 0 1
0.588 1.217 1.356 0.046 -1.493 0.166 0.884 0 -1.619 0 0 0 0 0 0 0 0 0 0 1
-0.294 -0.278 -0.588 -0.33 0.897 0.371 0.026 0 0 0 0 -0.299 0 0 0 0 0 0 0 1
-1.039 1.273 -0.105 0.053 1.879 0.288 -1.586 0 -0.92 0 0 0 0 0 0 0 0 0 0 1
0.174 -0.316 -0.107 0.36 -0.279 0.663 1.301 0 0 0 -0.796 0 0 0 0 0 0 0 0 1
0.091 0.729 2.586 -2.216 -0.634 0.904 0.114 0 0 0.194 0 0 0 0 0 0 0 0 0 1
0.659 -1.556 -0.486 0.419 0.523 -0.204 -0.386 -0.509 0 0 0 0 0 0 0 0 0 0 0 1
0.423 -0.757 -0.467 0.743 -1.196 0.494 0.165 0 0 0 0 0 0 0 1.105 0 0 0 0 1
0.022 1.266 0.256 -0.554 -0.403 -0.082 1.105 0 0 0 0 0 0 -0.872 0 0 0 0 0 1
0.149 0.199 -0.104 -0.08 0.921 -0.575 0.258 0 0 0 -1.435 0 0 0 0 0 0 0 0 1
-0.296 0.063 -0.08 -0.443 0.183 -0.335 -0.538 0 0 0 0 0 0 0 0.373 0 0 0 0 1
-0.025 0.484 -0.144 -0.861 1.712 -0.44 -0.291 0 0 0 -1.25 0 0 0 0 0 0 0 0 1
1.247 -1.714 0.081 -1.377 0.714 -0.144 0.628 0 0 0 0 0 0 0.718 0 0 0 0 0 1
0.361 1.147 0.286 -2.603 0.304 0.805 0.383 0 0 0 0 0 0 0.215 0 0 0 0 0 1
1.639 -0.064 -1.861 1.821 0.76 1.374 1.199 0 0 0 0 0 0 0 0 1.923 0 0 0 1
0.167 -1.208 0.605 0.605 0.599 1.298 -0.934 0 0 0 0 0 0 0 0 2.105 0 0 0 1
0.333 -0.151 1.339 0.061 -0.044 -1.539 -0.423 0 -0.226 0 0 0 0 0 0 0 0 0 0 1
-0.219 0.383 0.228 0.133 0.462 0.018 -0.942 0 -0.72 0 0 0 0 0 0 0 0 0 0 1
-0.737 0.671 0.095 0.378 0.212 0.137 -0.565 0 0 0 0 0 -0.8 0 0 0 0 0 0 1
0.117 -0.476 -0.513 0.148 0.878 -0.617 0.176 0.345 0 0 0 0 0 0 0 0 0 0 0 1
-0.142 0.437 -0.119 -0.869 1.073 -0.253 -0.285 0 -1.622 0 0 0 0 0 0 0 0 0 0 1
-0.099 0.685 -0.524 -0.647 -0.079 -0.61 -0.439 0 0 0 0 0 0 -1.003 0 0 0 0 0 1
0.799 -1.708 0.2 -0.938 0.388 0.274 0.757 0 0 0 0 0 0 0.93 0 0 0 0 0 1
-0.348 0.401 0.788 -0.859 -0.425 0.502 1.219 -0.333 0 0 0 0 0 0 0 0 0 0 0 1
1.289 1.865 -0.813 1.819 -0.354 -0.481 -0.283 0 0 0 0 0 0 0 0 -0.308 0 0 0 1
0.269 1.422 1.449 -0.925 1.039 -2.741 -0.625 0 -0.973 0 0 0 0 0 0 0 0 0 0 1
0.1 -0.175 -0.014 -0.125 0.645 -0.53 -0.008 -0.253 0 0 0 0 0 0 0 0 0 0 0 1
-0.151 -0.417 -0.21 0.436 -0.518 -0.341 0.596 0 0 0 0 0 0 -0.22 0 0 0 0 0 1
0.921 -0.043 -0.821 1.896 -1.112 -1.722 -0.207 0 0 0 0 0 0 0 0 -0.806 0 0 0 1
-0.696 0.136 -0.288 0.836 0.014 0.447 -0.254 0 -1.17 0 0 0 0 0 0 0 0 0 0 1
0.186 -1.567 0.964 -1.41 0.246 -0.49 2.148 0 0 0 0 0 0 0.966 0 0 0 0 0 1
0.382 -0.345 1.467 -0.059 -1.115 -0.062 2.191 0 -3.63 0 0 0 0 0 0 0 0 0 0 1
0.502 1.386 0.298 -0.456 -0.768 0.108 0.553 0 0 0 -2.104 0 0 0 0 0 0 0 0 1
0.272 -0.885 -0.391 -0.377 2.097 0.38 0.355 0 0 0 0 1.069 0 0 0 0 0 0 0 1
-0.798 -0.624 0.095 2.391 -0.979 -0.024 -1.526 -0.729 0 0 0 0 0 0 0 0 0 0 0 1
-1.794 0.038 -0.549 -0.188 0.449 0.25 0.026 0 0 0 0 0 0 0 0 0 0 -1.452 0 1
-1.464 1.173 0.063 -0.299 -0.313 0.856 -0.879 0 0 0 0 0 0 0 0 0 0 -0.931 0 1
0.959 -0.779 -0.915 1.106 -0.556 -1.211 -0.167 0 0 0 2.728 0 0 0 0 0 0 0 0 1
-0.318 0.752 0.667 -0.956 0.372 0.367 -0.881 0 0 0 0 0 0 0 0 0 0 -1.95 0 1
1.349 1.484 0.365 -1.021 1.851 -0.12 2.255 0 0 0 -1.814 0 0 0 0 0 0 0 0 1
0.145 0.133 0.277 -0.486 0.647 -0.363 -0.086 0 0 0 0 0 0 0 0 0 -0.504 0 0 1
-1.811 0.312 0.013 -0.358 -0.516 0.666 -0.356 0 0 0 0 0 0 0 0 0 0 -0.973 0 1
0.144 -0.294 1.419 -1.223 -0.418 0.298 0.06 0 0 0 0 0 0 0 0 -0.052 0 0 0 1
0.013 -1.854 -0.303 1.579 -0.42 -1.001 0.731 0 0.517 0 0 0 0 0 0 0 0 0 0 1
0.422 0.702 0.503 -1.315 -0.799 -0.314 0.792 0 0 0 0 0 0 0.159 0 0 0 0 0 1
1.033 -2.065 1.715 -1.217 1.956 2.319 -2.289 0 0 0 0 0 0 0 0 0.776 0 0 0 1
0.481 -0.74 -1.141 1.158 -0.289 -0.564 0.036 0.238 0 0 0 0 0 0 0 0 0 0 0 1
-1.081 0.619 -0.787 0.132 -0.211 -0.023 0.081 0 0 -0.898 0 0 0 0 0 0 0 0 0 1
-0.341 0.791 0.909 -0.192 1.298 0.61 -0.966 0 0 0 0 0 -1.843 0 0 0 0 0 0 1
-1.627 0.447 -0.19 -0.252 -0.405 0.36 -0.79 0 0 0 0 0 0 0 0 0 0 -0.929 0 1
-0.426 0.835 -1.251 1.812 -0.443 0.973 -1.57 0 0 0 0 0 0 0 0 0 0 -0.064 0 1
1.087 2.622 -1.403 0.478 -0.336 0.47 0.059 0 0 0 0 0 0 0 0 2.547 0 0 0 1
0.641 0.351 1.531 -0.301 0.33 0.635 -1.459 0 0 0 0 0 -2.122 0 0 0 0 0 0 1
2.478 1.386 0.825 -1.557 -1.195 -1.119 -0.537 0 0 0 -1.21 0 0 0 0 0 0 0 0 1
0.771 1.213 -0.043 -0.154 0.042 0.286 1.366 0 -0.686 0 0 0 0 0 0 0 0 0 0 1
-1.368 -0.185 -0.41 -0.043 1.229 0.953 -0.083 0 0 0 0 0 0 0 0 0 0 -1.472 0 1
-2.006 0.231 -0.72 0.113 0.157 0.706 -0.476 0 0 0 0 0 0 0 0 0 0 -0.996 0 1
0.527 -1.205 0.175 0.079 -0.639 0.902 -0.596 0 -0.223 0 0 0 0 0 0 0 0 0 0 1
-0.166 0.291 0.121 -1.123 -1.114 0.004 0.136 0 0 0 0 0 0 0 0 0 0 -0.139 0 1
1.883 -3.149 -0.491 2.017 -0.922 -1.168 -1.955 0 0 0 0 0 0 0 0 4.588 0 0 0 1
0.959 0.001 -0.149 1.554 -0.452 -0.551 0.055 0 -0.96 0 0 0 0 0 0 0 0 0 0 1
-1.794 -0.12 -0.014 -0.886 -0.547 0.318 -0.457 0 0 0 0 0 0 0 0 0 0 -0.684 0 1
0.417 0.797 0.086 0.192 -0.112 -0.087 -0.309 0 0 0 -0.836 0 0 0 0 0 0 0 0 1
-0.899 -0.077 -0.38 1.543 0.068 0.521 -0.014 0 0 0 0 0 -2.004 0 0 0 0 0 0 1
-1.338 0.293 -0.139 -0.555 0.185 0.979 0.386 0 0 0 0 0 0 0 0 0 0 -0.693 0 1
0.473 2.175 1.623 -1.512 -0.246 0.28 1.117 0 0 0 -1.651 0 0 0 0 0 0 0 0 1
-0.212 -0.924 -0.131 0.234 -0.22 0.145 0.077 0 0 0 0 0.674 0 0 0 0 0 0 0 1
0.646 -0.053 0.365 0.134 -1.225 1.681 -0.209 0 0 0 0 0 0 0 0 -1.436 0 0 0 1
0.321 -0.409 -0.999 0.521 -0.136 0.019 -0.861 0 0 0 0 0 0 0 0.428 0 0 0 0 1
-1.765 -0.251 0.05 -0.978 -0.1 0.288 -0.392 0 0 0 0 0 0 0 0 0 0 -1.062 0 1
0.014 -0.341 -0.197 0.265 -0.264 -0.306 -0.169 0 0 0 0 0 0 0 -0.94 0 0 0 0 1
0.929 0.676 0.008 1.042 0.738 -1.201 -0.887 0.036 0 0 0 0 0 0 0 0 0 0 0 1
0.001 -0.427 -0.506 0.609 -0.325 0.469 -0.409 0 0 0 0 0.879 0 0 0 0 0 0 0 1
0.089 0.481 0.836 0.66 0.598 0.553 -1.791 0 0 0 0 0 -0.95 0 0 0 0 0 0 1
-0.087 0.06 -0.785 -0.141 1.151 -1.281 -0.744 0.337 0 0 0 0 0 0 0 0 0 0 0 1
0.27 -0.077 0.99 -0.346 -0.663 -0.955 0.397 0 -0.403 0 0 0 0 0 0 0 0 0 0 1
-1.08 -0.905 0.411 1.577 -1.529 0.537 -1.698 -0.666 0 0 0 0 0 0 0 0 0 0 0 1
-0.259 0.581 1.004 -1.047 -0.862 0.542 1.208 0 0 0 0 0 0 -1.086 0 0 0 0 0 1
-0.059 -1.513 -0.758 0.317 1.21 -0.363 -0.657 0 0 0 -0.709 0 0 0 0 0 0 0 0 1
0.433 1.288 1.522 -1.537 0.78 0.778 -0.759 -1.994 0 0 0 0 0 0 0 0 0 0 0 1
-1.805 0.041 -0.005 -0.557 -0.05 0.746 -0.098 0 0 0 0 0 0 0 0 0 0 -0.78 0 1
0.515 0.768 1.425 -1.003 0.133 -0.576 0.15 -0.637 0 0 0 0 0 0 0 0 0 0 0 1
0.668 -2.011 2.12 -1.023 -0.015 -1.288 -0.701 1.672 0 0 0 0 0 0 0 0 0 0 0 1
-0.567 0.1 -0.816 -0.268 0.918 0.173 -0.119 0 0 0 0 -0.162 0 0 0 0 0 0 0 1
-0.121 0.068 0.158 -1.545 0.12 -0.727 0.721 0 0 0 0 0 0 -0.423 0 0 0 0 0 1
-1.834 0.1 -0.174 -0.969 0.623 0.36 -0.173 0 0 0 0 0 0 0 0 0 0 -1.165 0 1
0.753 -0.956 0.311 -2.453 -0.513 -0.688 1.307 0 0 0 -0.206 0 0 0 0 0 0 0 0 1
-0.993 -0.01 -0.82 0.704 -0.041 0.303 -0.226 0 0 0 0 -0.789 0 0 0 0 0 0 0 1
-0.948 -0.268 -0.119 -0.043 0.242 0.524 0.07 0 0 0 0 -0.508 0 0 0 0 0 0 0 1
0.69 -0.304 -0.327 0.18 -0.552 -0.345 0.657 0 -0.349 0 0 0 0 0 0 0 0 0 0 1
-0.761 -0.136 -0.292 0.843 -1.365 0.912 0.38 0 0 0 0 0 0 0 0 -0.43 0 0 0 1
0.712 0.293 -0.464 0.168 0.079 -2.402 1.2 0 0 0 0.141 0 0 0 0 0 0 0 0 1
-0.182 0.344 -0.432 -0.832 0.442 -0.578 -1 0 0 0 0 0 0 -0.659 0 0 0 0 0 1
1.039 1.355 0.427 0.512 0.217 -0.311 -1.245 -1.27 0 0 0 0 0 0 0 0 0 0 0 1
-0.248 -0.574 -0.203 0.485 -0.302 -0.718 -0.863 0 0 0 0 -0.439 0 0 0 0 0 0 0 1
-0.194 -0.222 0.469 -0.544 -0.264 0.669 -0.272 0 -0.518 0 0 0 0 0 0 0 0 0 0 1
0.657 1.059 1.526 -0.788 -0.625 -1.259 0.782 -0.901 0 0 0 0 0 0 0 0 0 0 0 1
1.419 2.079 0.248 0.466 -1.318 1.68 1.381 0 0 0 0 0 -0.583 0 0 0 0 0 0 1
-0.708 0.362 -0.221 0.691 0.029 0.292 -2.461 0 0 0 0 0 -0.673 0 0 0 0 0 0 1
0.323 -0.032 -0.234 -0.762 -0.024 0.24 -0.594 0 0 0 0 -0.755 0 0 0 0 0 0 0 1
-0.69 -0.332 0.038 0.964 0.205 -0.855 0.595 0 0 0 -1.498 0 0 0 0 0 0 0 0 1
0.796 0.922 0.152 -0.041 -0.641 -0.955 -0.552 0 0 0 0 0 0 0 0 0 -1.99 0 0 1
-0.608 -0.054 -0.465 -0.379 -0.861 0.133 0.908 0 0 0 0 0 0 -0.394 0 0 0 0 0 1
-0.331 0.322 0.738 0.432 -0.648 -0.059 0.118 0 0 0 0 -1.178 0 0 0 0 0 0 0 1
-0.077 -0.013 -0.094 0.115 -0.522 -0.629 1.043 0 0 0 0 0 0 -0.964 0 0 0 0 0 1
-0.79 1.353 1.677 -0.026 -0.649 2.458 -0.324 0 0 0 0 0 -2.664 0 0 0 0 0 0 1
0.226 -2.394 4.767 0.194 -1.574 -2.969 1.717 0.975 0 0 0 0 0 0 0 0 0 0 0 1
-0.121 -0.377 0.169 -1.333 0.993 0.896 -0.772 0 0 0 0 -0.173 0 0 0 0 0 0 0 1
-1.015 0.258 -1.507 0.707 -0.301 0.193 0.053 0 0 -0.34 0 0 0 0 0 0 0 0 0 1
-0.371 1.189 -1.034 0.301 0.466 -0.156 -0.31 0 0 0 0 0 0 0 0.093 0 0 0 0 1
0.207 0.641 -0.017 0.801 -0.46 0.768 -0.785 0 0 0 0 0 -0.96 0 0 0 0 0 0 1
1.11 -1.712 1.446 -0.85 0.749 -1.491 0.774 0 0 0 0 0 0 0 0 1.259 0 0 0 1
1.125 -0.857 2.267 -2.37 0.271 -1.107 1.813 0 0 0 0 0 0 0 0 1.182 0 0 0 1
0.058 0.46 -0.721 -0.158 0.219 0.283 -0.139 0 0 0 0 -0.92 0 0 0 0 0 0 0 1
0.42 -0.191 0.431 -0.373 -0.207 0.823 0.661 0 0 0 -0.607 0 0 0 0 0 0 0 0 1
0.569 0.973 -0.769 0.248 -0.201 0.111 -0.492 0 0 0 -0.85 0 0 0 0 0 0 0 0 1
-0.857 -0.416 1.564 -0.337 -1.294 0.238 -0.712 0 0 0 0 0 0 0 0 -0.944 0 0 0 1
0.148 -0.115 0.188 -0.585 0.544 0.25 0.073 0 0 0 -0.326 0 0 0 0 0 0 0 0 1
-0.009 -0.773 1.034 -0.568 0.52 -0.376 -1.906 -0.191 0 0 0 0 0 0 0 0 0 0 0 1
-0.027 -2.873 0.646 0.196 2.14 0.142 -1.178 0 0 0 0 0 0 0 0 1.473 0 0 0 1
-0.211 0.445 0.791 -0.34 -0.246 -0.332 -0.38 0 0 0 -0.937 0 0 0 0 0 0 0 0 1
-0.152 1.108 0.072 -0.539 0.56 0.519 -0.993 0 0 0 0 0 0 0 0 0 0 -0.271 0 1
-1.838 -0.013 -0.044 -0.539 -0.677 0.452 -0.569 0 0 0 0 0 0 0 0 0 0 -0.616 0 1
0.594 1.163 -0.183 0.176 -2.151 -1.482 1.036 0 0 0 0 0 0 0 0 0 -0.686 0 0 1
-0.131 0.591 0.238 -0.177 0.015 0.188 0.245 0 0 0 -0.91 0 0 0 0 0 0 0 0 1
-0.675 1.695 -0.099 0.079 -0.169 1.454 1.446 0 0 -0.465 0 0 0 0 0 0 0 0 0 1
0.321 0.044 -0.772 0.763 0.035 -1.16 0.984 0 0 0 0 0 0 0 1.167 0 0 0 0 1
-1.03 -0.443 -1.039 0.138 -0.348 -0.141 -0.047 0 0 0 0 0 0 -0.306 0 0 0 0 0 1
0.299 0.193 1.655 -0.86 -0.012 0.045 -0.973 0 0 0 -1.113 0 0 0 0 0 0 0 0 1
2.021 -0.581 0.586 0.124 0.904 -0.799 1.594 -1.569 0 0 0 0 0 0 0 0 0 0 0 1
0.231 -1.865 2.187 -1.198 -0.666 1.031 1.935 0 0 0 0.895 0 0 0 0 0 0 0 0 1
-0.233 0.043 0.638 -0.016 2.012 0.767 -0.471 0 0 0 0 0 -1.975 0 0 0 0 0 0 1
-0.525 -0.547 0.115 1.055 -1.679 0.669 1.634 0 0 0 0 0 0 0 0 1.23 0 0 0 1
-0.316 0.925 0.296 -0.765 -0.369 -0.577 0.375 0 0 0 0 0 0 -0.465 0 0 0 0 0 1
-0.558 0.439 0.208 0.142 -0.893 -0.074 0.637 0 0 0 0 -1.551 0 0 0 0 0 0 0 1
0.032 -0.599 -0.673 0.79 0.612 -0.211 -0.555 0 0 0 0 0.172 0 0 0 0 0 0 0 1
0.682 0.676 0.854 -0.02 0.963 -0.532 -0.732 0 0 0 0 0 0 0 0 -2.282 0 0 0 1
0.74 1.2 -1.37 1.402 -0.473 -1.68 0.489 0 0 0 -1.691 0 0 0 0 0 0 0 0 1
-0.174 1.106 -0.29 -0.082 -1.908 0.795 -0.481 0 0 0 0 0 0 0 0 -1.614 0 0 0 1
0.642 0.734 -0.715 -1.155 -0.547 -0.825 -0.007 0 0 0 0 -0.981 0 0 0 0 0 0 0 1
0.75 2.643 -0.69 0.094 1.648 -1.501 -0.068 0 0 0 0 0 0 0 0 0.998 0 0 0 1
0.764 -0.719 0.885 -0.032 0.167 -0.561 0.396 -0.44 0 0 0 0 0 0 0 0 0 0 0 1
0.51 0.14 -0.334 0.008 0.726 -0.291 0.092 0 0 0 0 0 0 0 -0.389 0 0 0 0 1
-0.197 0.588 -0.016 0.487 -0.136 -0.171 0.234 0 -1.415 0 0 0 0 0 0 0 0 0 0 1
-1.282 -0.693 0.719 0.389 0.93 -0.066 -1.197 0 0 0 0 0 -0.517 0 0 0 0 0 0 1
1.67 1.006 -0.522 0.861 -0.307 -0.662 -0.687 0 0 0 0 0 0 0 0 -0.611 0 0 0 1
-1.994 -0.367 -0.335 0.01 0.317 0.387 -0.71 0 0 0 0 0 0 0 0 0 0 -0.692 0 1
-0.069 -0.565 -0.283 0.476 1.006 -1.129 0.66 0 -0.132 0 0 0 0 0 0 0 0 0 0 1
0.506 -1.669 1.639 -0.573 -0.907 -0.443 0.038 0 0.193 0 0 0 0 0 0 0 0 0 0 1
-0.064 -0.744 0.437 0.642 -0.821 0.12 -0.952 0 -0.49 0 0 0 0 0 0 0 0 0 0 1
0.349 1.163 -0.763 -0.581 0.791 -0.077 1.293 0 0 0 0 -1.207 0 0 0 0 0 0 0 1
0.704 1.174 -0.018 -1.405 0.52 0.287 0.269 0 0 0 -1.177 0 0 0 0 0 0 0 0 1
0.452 0.624 1.022 -0.169 1.354 0.623 -0.143 0 -0.793 0 0 0 0 0 0 0 0 0 0 1
1.033 -0.313 0.161 -0.024 -0.194 -0.447 2.827 0 0 0 0.015 0 0 0 0 0 0 0 0 1
-0.587 -0.239 -0.059 -0.75 -1.45 -0.026 0.204 0 0 0 0 0 0 -0.595 0 0 0 0 0 1
0.562 -0.257 0.942 -0.973 0.439 0.808 -1.193 0 0 0 -0.471 0 0 0 0 0 0 0 0 1
-0.159 0.224 0.028 -0.528 0.09 -0.844 0.926 0 0 0 0 0 0 -0.608 0 0 0 0 0 1
1.192 -0.511 -0.592 -1.131 -0.844 -0.508 0.434 0 0 0 0 0 0 0.856 0 0 0 0 0 1
0.626 1.722 -0.24 0.453 -1.003 0.437 0.116 0 0 0 -1.572 0 0 0 0 0 0 0 0 1
1.619 0.483 1.042 -0.02 0.298 -1.291 -0.978 0 -1.085 0 0 0 0 0 0 0 0 0 0 1
0.46 0.555 0.491 -0.112 -0.662 -0.052 -0.203 0 0 0 -0.763 0 0 0 0 0 0 0 0 1
-0.188 -0.156 -0.136 0.058 0.167 -0.009 -0.178 0 0 0 0 -0.94 0 0 0 0 0 0 0 1
-0.155 -0.898 1.007 -0.732 0.416 -0.168 0.132 0 0.359 0 0 0 0 0 0 0 0 0 0 1
-0.067 0.078 1.274 -1.38 -0.57 -1.521 0.837 0 0 0 0 0 0 0.153 0 0 0 0 0 1
-0.575 -1.831 2.137 0.931 -1.866 0.28 0.117 0 0 0 0 0 0 0 2.027 0 0 0 0 1
-1.923 -0.264 -0.112 -0.781 0.668 1.148 0.676 0 0 0 0 0 0 0 0 0 0 -0.913 0 1
-0.074 0.47 -0.349 -0.021 -0.746 0.538 -2.18 0 0 0 0 -0.416 0 0 0 0 0 0 0 1
-0.052 -0.708 -0.305 0.3 0.617 -0.052 -0.23 -0.985 0 0 0 0 0 0 0 0 0 0 0 1
0.669 2.089 0.637 -0.032 -0.965 0.54 -0.557 -1.223 0 0 0 0 0 0 0 0 0 0 0 1
-2.02 -0.153 0.097 -0.782 0.144 0.532 -1.053 0 0 0 0 0 0 0 0 0 0 -0.873 0 1
0.183 0.418 -0.232 0.211 0.304 0.011 -0.841 0 0 0 0 0 0 0 0 0 -1.019 0 0 1
-0.607 0.511 0.18 0.706 -0.223 0.636 -0.724 0 0 0 0 0 -0.94 0 0 0 0 0 0 1
0.801 1.195 -0.255 0.44 -1.06 1.071 1.421 0 0 0 0 0 0 0 0 -3.873 0 0 0 1
1.099 -0.784 -1.904 3.015 -2.81 -2.652 2.136 0 0 0 0 0 0 0 3.517 0 0 0 0 1
0.555 0.232 -0.85 0.143 0.627 -0.428 -0.394 0 -0.31 0 0 0 0 0 0 0 0 0 0 1
0.058 0.935 1.016 0.384 -0.069 0.89 -1.517 0 0 0 0 0 -1.175 0 0 0 0 0 0 1
-0.674 -0.984 0.666 -0.861 -0.001 -0.765 0.67 0 0 0 0 0 0 0.495 0 0 0 0 0 1
-1.07 0.555 -0.587 0.126 -0.386 0.31 -0.332 0 0 -1.053 0 0 0 0 0 0 0 0 0 1
-0.188 -0.156 -0.136 0.058 0.167 -0.009 -0.178 0 0 0 0 -0.94 0 0 0 0 0 0 0 1
1.11 -0.424 -1.087 -1.878 1.433 2.009 -0.631 0 0 0 0 0 0 0 0 0 -2.608 0 0 1
-0.845 -0.925 -0.105 -0.757 1.765 0.499 0.494 0 0 0 0 0 0 -1.056 0 0 0 0 0 1
-0.844 -0.79 0.809 -1.18 -0.493 -0.47 1.638 0 0 0 0 0 0 -0.642 0 0 0 0 0 1
-0.163 0.338 -1.235 0.805 0.391 -0.279 -1.864 0 0 0 0 0.777 0 0 0 0 0 0 0 1
0.293 -0.304 -0.04 0.784 0.127 -0.885 -1.282 0 0 0 0 0 -1.763 0 0 0 0 0 0 1
1.055 0.131 0.237 -1.119 0.344 0.801 0.266 -1.69 0 0 0 0 0 0 0 0 0 0 0 1
0.509 0.464 0.49 -0.195 0.095 -1.349 0.584 0 0 0 -1.053 0 0 0 0 0 0 0 0 1
0.439 -0.703 -1.913 0.467 1.229 -1.93 1.442 0 0 0 0 -1.089 0 0 0 0 0 0 0 1
-0.716 -0.083 0.032 -0.389 -0.116 -0.068 0.155 0 0 0 0 0 0 -0.065 0 0 0 0 0 1
0.421 -0.35 -0.003 -0.08 -0.169 0.261 -0.12 0 0 0 -0.155 0 0 0 0 0 0 0 0 1
0.127 -0.717 0.143 -0.461 0.671 0.057 -0.285 0 0 0 0 0.009 0 0 0 0 0 0 0 1
0.813 0.036 0.769 -1.274 1.239 0.623 0.174 0 0 0 0 -0.111 0 0 0 0 0 0 0 1
-0.246 0.589 -1.123 0.529 0.298 0.137 -0.404 0 0 0 0 0 0 0 -0.262 0 0 0 0 1
1.191 -0.557 -0.766 1.37 0.194 -0.468 -0.332 0 -0.491 0 0 0 0 0 0 0 0 0 0 1
-0.042 0.382 0.725 -0.832 0.769 -0.972 1.473 0 0 0 0 0 0 0.091 0 0 0 0 0 1
-0.052 0.721 0.78 0.038 -0.298 0.154 1.173 0 0 0 0 -1.799 0 0 0 0 0 0 0 1
-1.614 -0.547 3.422 -0.412 -2.206 2.812 -0.341 0 0 0 0 0 -0.019 0 0 0 0 0 0 1
0.314 -1.685 0.29 -0.143 1.07 0.361 0.962 0 -0.777 0 0 0 0 0 0 0 0 0 0 1
0.175 0.665 -0.538 0.519 -0.992 0.043 -0.271 -1.39 0 0 0 0 0 0 0 0 0 0 0 1
0.838 0.009 0.456 -0.668 -0.364 0.851 -0.164 -0.943 0 0 0 0 0 0 0 0 0 0 0 1
0.666 0.989 -0.285 -0.349 0.165 -0.192 0.933 0 0 0 -1.67 0 0 0 0 0 0 0 0 1
0.153 0.453 0.44 0.645 -0.22 -0.446 0.237 0 0 0 0 -1.273 0 0 0 0 0 0 0 1
1.087 -0.404 0.773 -0.225 0.171 -0.782 -0.131 -0.064 0 0 0 0 0 0 0 0 0 0 0 1
0.348 0.368 -0.345 -0.557 -0.007 1.549 0.096 0 0 0 0 0 0 0 0 0 0 0.083 0 1
-1.014 0.441 0.103 -0.202 0.822 -0.072 -0.687 0 0 0 0 -1.105 0 0 0 0 0 0 0 1
0.893 1.399 0.127 0.798 -0.803 -0.828 -0.596 0 0 0 -2.027 0 0 0 0 0 0 0 0 1
-1.762 -0.1 3.498 -2.991 -2.587 2.516 -0.123 0 0 1.684 0 0 0 0 0 0 0 0 0 1
-0.097 -0.406 0.922 -0.633 0.715 -0.858 -0.268 -0.683 0 0 0 0 0 0 0 0 0 0 0 1
-0.241 -0.736 -0.538 -0.003 -0.079 -0.573 -1.555 0 0 0 0 0.66 0 0 0 0 0 0 0 1
0.441 0.947 0.672 0.535 -1.196 -0.195 -0.172 0 0 0 -0.872 0 0 0 0 0 0 0 0 1

RHS

R -0.046 -0.026  
R 0.031  0.051 
R -0.076  -0.056 
R -0.015  0.005 
R 0.037  0.057 
R 0.06  0.08 
R -0.12  -0.1 
R -0.127  0.073 
R -0.13  0.07 
R -0.139  0.061 
R -0.143  0.057 
R -0.105  0.095 
R -0.178  0.022 
R -0.123  0.077 
R -0.077  0.123 
R 0.028  0.228 
R -0.114  0.086 
R -0.128  0.072 
R -0.1  0.1 
= 1

BOX 500
0 0 0.1
1 0 0.1
2 0 0.1
3 0 0.1
4 0 0.1
5 0 0.1
6 0 0.1
7 0 0.1
8 0 0.1
9 0 0.1
10 0 0.1
11 0 0.1
12 0 0.1
13 0 0.1
14 0 0.1
15 0 0.1
16 0 0.1
17 0 0.1
18 0 0.1
19 0 0.1
20 0 0.1
21 0 0.1
22 0 0.1
23 0 0.1
24 0 0.1
25 0 0.1
26 0 0.1
27 0 0.1
28 0 0.1
29 0 0.1
30 0 0.1
31 0 0.1
32 0 0.1
33 0 0.1
34 0 0.1
35 0 0.1
36 0 0.1
37 0 0.1
38 0 0.1
39 0 0.1
40 0 0.1
41 0 0.1
42 0 0.1
43 0 0.1
44 0 0.1
45 0 0.1
46 0 0.1
47 0 0.1
48 0 0.1
49 0 0.1
50 0 0.1
51 0 0.1
52 0 0.1
53 0 0.1
54 0 0.1
55 0 0.1
56 0 0.1
57 0 0.1
58 0 0.1
59 0 0.1
60 0 0.1
61 0 0.1
62 0 0.1
63 0 0.1
64 0 0.1
65 0 0.1
66 0 0.1
67 0 0.1
68 0 0.1
69 0 0.1
70 0 0.1
71 0 0.1
72 0 0.1
73 0 0.1
74 0 0.1
75 0 0.1
76 0 0.1
77 0 0.1
78 0 0.1
79 0 0.1
80 0 0.1
81 0 0.1
82 0 0.1
83 0 0.1
84 0 0.1
85 0 0.1
86 0 0.1
87 0 0.1
88 0 0.1
89 0 0.1
90 0 0.1
91 0 0.1
92 0 0.1
93 0 0.1
94 0 0.1
95 0 0.1
96 0 0.1
97 0 0.1
98 0 0.1
99 0 0.1
100 0 0.1
101 0 0.1
102 0 0.1
103 0 0.1
104 0 0.1
105 0 0.1
106 0 0.1
107 0 0.1
108 0 0.1
109 0 0.1
110 0 0.1
111 0 0.1
112 0 0.1
113 0 0.1
114 0 0.1
115 0 0.1
116 0 0.1
117 0 0.1
118 0 0.1
119 0 0.1
120 0 0.1
121 0 0.1
122 0 0.1
123 0 0.1
124 0 0.1
125 0 0.1
126 0 0.1
127 0 0.1
128 0 0.1
129 0 0.1
130 0 0.1
131 0 0.1
132 0 0.1
133 0 0.1
134 0 0.1
135 0 0.1
136 0 0.1
137 0 0.1
138 0 0.1
139 0 0.1
140 0 0.1
141 0 0.1
142 0 0.1
143 0 0.1
144 0 0.1
145 0 0.1
146 0 0.1
147 0 0.1
148 0 0.1
149 0 0.1
150 0 0.1
151 0 0.1
152 0 0.1
153 0 0.1
154 0 0.1
155 0 0.1
156 0 0.1
157 0 0.1
158 0 0.1
159 0 0.1
160 0 0.1
161 0 0.1
162 0 0.1
163 0 0.1
164 0 0.1
165 0 0.1
166 0 0.1
167 0 0.1
168 0 0.1
169 0 0.1
170 0 0.1
171 0 0.1
172 0 0.1
173 0 0.1
174 0 0.1
175 0 0.1
176 0 0.1
177 0 0.1
178 0 0.1
179 0 0.1
180 0 0.1
181 0 0.1
182 0 0.1
183 0 0.1
184 0 0.1
185 0 0.1
186 0 0.1
187 0 0.1
188 0 0.1
189 0 0.1
190 0 0.1
191 0 0.1
192 0 0.1
193 0 0.1
194 0 0.1
195 0 0.1
196 0 0.1
197 0 0.1
198 0 0.1
199 0 0.1
200 0 0.1
201 0 0.1
202 0 0.1
203 0 0.1
204 0 0.1
205 0 0.1
206 0 0.1
207 0 0.1
208 0 0.1
209 0 0.1
210 0 0.1
211 0 0.1
212 0 0.1
213 0 0.1
214 0 0.1
215 0 0.1
216 0 0.1
217 0 0.1
218 0 0.1
219 0 0.1
220 0 0.1
221 0 0.1
222 0 0.1
223 0 0.1
224 0 0.1
225 0 0.1
226 0 0.1
227 0 0.1
228 0 0.1
229 0 0.1
230 0 0.1
231 0 0.1
232 0 0.1
233 0 0.1
234 0 0.1
235 0 0.1
236 0 0.1
237 0 0.1
238 0 0.1
239 0 0.1
240 0 0.1
241 0 0.1
242 0 0.1
243 0 0.1
244 0 0.1
245 0 0.1
246 0 0.1
247 0 0.1
248 0 0.1
249 0 0.1
250 0 0.1
251 0 0.1
252 0 0.1
253 0 0.1
254 0 0.1
255 0 0.1
256 0 0.1
257 0 0.1
258 0 0.1
259 0 0.1
260 0 0.1
261 0 0.1
262 0 0.1
263 0 0.1
264 0 0.1
265 0 0.1
266 0 0.1
267 0 0.1
268 0 0.1
269 0 0.1
270 0 0.1
271 0 0.1
272 0 0.1
273 0 0.1
274 0 0.1
275 0 0.1
276 0 0.1
277 0 0.1
278 0 0.1
279 0 0.1
280 0 0.1
281 0 0.1
282 0 0.1
283 0 0.1
284 0 0.1
285 0 0.1
286 0 0.1
287 0 0.1
288 0 0.1
289 0 0.1
290 0 0.1
291 0 0.1
292 0 0.1
293 0 0.1
294 0 0.1
295 0 0.1
296 0 0.1
297 0 0.1
298 0 0.1
299 0 0.1
300 0 0.1
301 0 0.1
302 0 0.1
303 0 0.1
304 0 0.1
305 0 0.1
306 0 0.1
307 0 0.1
308 0 0.1
309 0 0.1
310 0 0.1
311 0 0.1
312 0 0.1
313 0 0.1
314 0 0.1
315 0 0.1
316 0 0.1
317 0 0.1
318 0 0.1
319 0 0.1
320 0 0.1
321 0 0.1
322 0 0.1
323 0 0.1
324 0 0.1
325 0 0.1
326 0 0.1
327 0 0.1
328 0 0.1
329 0 0.1
330 0 0.1
331 0 0.1
332 0 0.1
333 0 0.1
334 0 0.1
335 0 0.1
336 0 0.1
337 0 0.1
338 0 0.1
339 0 0.1
340 0 0.1
341 0 0.1
342 0 0.1
343 0 0.1
344 0 0.1
345 0 0.1
346 0 0.1
347 0 0.1
348 0 0.1
349 0 0.1
350 0 0.1
351 0 0.1
352 0 0.1
353 0 0.1
354 0 0.1
355 0 0.1
356 0 0.1
357 0 0.1
358 0 0.1
359 0 0.1
360 0 0.1
361 0 0.1
362 0 0.1
363 0 0.1
364 0 0.1
365 0 0.1
366 0 0.1
367 0 0.1
368 0 0.1
369 0 0.1
370 0 0.1
371 0 0.1
372 0 0.1
373 0 0.1
374 0 0.1
375 0 0.1
376 0 0.1
377 0 0.1
378 0 0.1
379 0 0.1
380 0 0.1
381 0 0.1
382 0 0.1
383 0 0.1
384 0 0.1
385 0 0.1
386 0 0.1
387 0 0.1
388 0 0.1
389 0 0.1
390 0 0.1
391 0 0.1
392 0 0.1
393 0 0.1
394 0 0.1
395 0 0.1
396 0 0.1
397 0 0.1
398 0 0.1
399 0 0.1
400 0 0.1
401 0 0.1
402 0 0.1
403 0 0.1
404 0 0.1
405 0 0.1
406 0 0.1
407 0 0.1
408 0 0.1
409 0 0.1
410 0 0.1
411 0 0.1
412 0 0.1
413 0 0.1
414 0 0.1
415 0 0.1
416 0 0.1
417 0 0.1
418 0 0.1
419 0 0.1
420 0 0.1
421 0 0.1
422 0 0.1
423 0 0.1
424 0 0.1
425 0 0.1
426 0 0.1
427 0 0.1
428 0 0.1
429 0 0.1
430 0 0.1
431 0 0.1
432 0 0.1
433 0 0.1
434 0 0.1
435 0 0.1
436 0 0.1
437 0 0.1
438 0 0.1
439 0 0.1
440 0 0.1
441 0 0.1
442 0 0.1
443 0 0.1
444 0 0.1
445 0 0.1
446 0 0.1
447 0 0.1
448 0 0.1
449 0 0.1
450 0 0.1
451 0 0.1
452 0 0.1
453 0 0.1
454 0 0.1
455 0 0.1
456 0 0.1
457 0 0.1
458 0 0.1
459 0 0.1
460 0 0.1
461 0 0.1
462 0 0.1
463 0 0.1
464 0 0.1
465 0 0.1
466 0 0.1
467 0 0.1
468 0 0.1
469 0 0.1
470 0 0.1
471 0 0.1
472 0 0.1
473 0 0.1
474 0 0.1
475 0 0.1
476 0 0.1
477 0 0.1
478 0 0.1
479 0 0.1
480 0 0.1
481 0 0.1
482 0 0.1
483 0 0.1
484 0 0.1
485 0 0.1
486 0 0.1
487 0 0.1
488 0 0.1
489 0 0.1
490 0 0.1
491 0 0.1
492 0 0.1
493 0 0.1
494 0 0.1
495 0 0.1
496 0 0.1
497 0 0.1
498 0 0.1
499 0 0.1

DIAGONAL 500
0 101.493
1 7.927
2 112.093
3 14.069
4 27.24
5 15.851
6 33.585
7 28.389
8 20.444
9 16.635
10 39.478
11 37.574
12 19.963
13 19.624
14 21.647
15 16.207
16 49.38
17 108.72
18 12.257
19 15.73
20 4.144
21 18.281
22 12.368
23 28.004
24 8.103
25 9.564
26 32.626
27 6.065
28 53.887
29 4.045
30 22.539
31 21.869
32 57.826
33 14.179
34 15.892
35 81.03
36 91.935
37 23.539
38 43.192
39 33.77
40 35.299
41 27.698
42 7.635
43 5.487
44 88.337
45 15.207
46 70.488
47 19.823
48 25.696
49 27.869
50 25.774
51 6.394
52 17.895
53 35.211
54 25.615
55 21.61
56 17.522
57 38.862
58 23.215
59 72.191
60 89.691
61 14.107
62 12.417
63 90.212
64 16.582
65 6.085
66 10.515
67 24.023
68 19.848
69 57.626
70 76.475
71 55.391
72 39.263
73 33.173
74 21.566
75 27.449
76 93.63
77 34.971
78 3.62
79 20.482
80 25.615
81 44.568
82 15.671
83 19.533
84 75.147
85 34.393
86 21.319
87 6.684
88 27.282
89 25.39
90 55.624
91 6.966
92 51.786
93 13.78
94 96.952
95 17.18
96 6.663
97 48.31
98 16.573
99 16.758
100 58.269
101 5.593
102 85.32
103 72.06
104 27.654
105 10.415
106 27.112
107 10.556
108 57.555
109 14.451
110 30.488
111 46.451
112 48.66
113 16.553
114 69.916
115 73.318
116 25.741
117 20.718
118 66.602
119 7.292
120 14.089
121 18.225
122 18.273
123 36.029
124 26.168
125 13.831
126 23.075
127 67.438
128 11.258
129 23.762
130 22.268
131 10.479
132 63.095
133 28.995
134 16.768
135 41.794
136 28.33
137 83.508
138 74.964
139 26.985
140 18.459
141 30.881
142 159.072
143 24.41
144 15.455
145 65.68
146 36.18
147 3.933
148 13.934
149 19.829
150 7.753
151 16.988
152 26.85
153 156.667
154 7.325
155 11.505
156 5.694
157 12.414
158 21.555
159 20.413
160 30.237
161 17.592
162 17.895
163 36.123
164 68.341
165 20.577
166 7.442
167 177.803
168 7.751
169 42.844
170 23.269
171 30.991
172 12.083
173 3.207
174 19.175
175 34.339
176 26.624
177 25.713
178 21.601
179 21.86
180 14.135
181 13.75
182 15.807
183 21.763
184 44.417
185 35.798
186 37.72
187 26.561
188 23.142
189 37.728
190 5.499
191 75.512
192 19.914
193 70.002
194 14.305
195 66.592
196 26.228
197 7.621
198 133.219
199 13.613
200 29.265
201 16.501
202 23.253
203 9.19
204 28.137
205 21.747
206 34.31
207 20.583
208 21.902
209 32.486
210 27.512
211 8.142
212 16.929
213 25.006
214 46.892
215 25.277
216 25.879
217 94.579
218 5.416
219 93.878
220 28.115
221 37.674
222 15.5
223 43.263
224 108.496
225 22.58
226 38.468
227 57.329
228 11.952
229 25.817
230 21.154
231 20.147
232 18.732
233 81.893
234 56.543
235 35.775
236 69.508
237 19.644
238 19.906
239 7.564
240 40.283
241 21.115
242 18.669
243 37.138
244 27.879
245 45.805
246 34.862
247 84.533
248 17.592
249 13.218
250 8.86
251 17.32
252 145.159
253 23.246
254 27.574
255 29.002
256 16.442
257 6.718
258 23.801
259 25.501
260 28.474
261 52.099
262 16.538
263 12.994
264 15.549
265 14.136
266 41.08
267 19.398
268 40.144
269 36.162
270 10.922
271 43.175
272 19.141
273 49.95
274 13.306
275 13.648
276 15.489
277 28.299
278 33.225
279 53.92
280 102.645
281 102.679
282 39.759
283 48.274
284 31.691
285 9.586
286 25.179
287 30.006
288 22.099
289 24.607
290 25.122
291 29.159
292 45.528
293 12.603
294 49.568
295 16.355
296 41.513
297 18.413
298 24.162
299 19.51
300 18.946
301 7.579
302 15.731
303 18.746
304 29.334
305 138.891
306 36.696
307 35.807
308 7.765
309 3.443
310 18.945
311 18.781
312 16.791
313 31.006
314 18.982
315 34.093
316 51.346
317 19.473
318 13.241
319 78.866
320 13.871
321 24.193
322 71.963
323 23.236
324 33.599
325 49.565
326 19.223
327 16.358
328 63.163
329 23.684
330 45.606
331 7.666
332 3.795
333 25.643
334 55.316
335 12.415
336 102.623
337 43.835
338 4.061
339 18.642
340 7.533
341 36.29
342 98.615
343 29.599
344 30.603
345 37.019
346 10.473
347 6.048
348 30.814
349 33.601
350 55.879
351 32.071
352 8.936
353 18.008
354 27.485
355 14.125
356 39.619
357 13.537
358 33.524
359 12.758
360 7.717
361 40.458
362 29.164
363 11.31
364 14.105
365 26.626
366 18.979
367 60.677
368 17.069
369 29.856
370 16.768
371 5.191
372 14.436
373 21.203
374 11.601
375 16.752
376 5.214
377 69.37
378 22.275
379 13.799
380 43.709
381 12.019
382 71.943
383 13.023
384 29.065
385 23.086
386 19.589
387 22.661
388 61.294
389 3.839
390 18.025
391 28.471
392 23.241
393 13.342
394 47.732
395 27.343
396 16.376
397 122.232
398 18.017
399 6.944
400 9.798
401 11.423
402 67.05
403 154.068
404 14.092
405 16.342
406 23.318
407 55.268
408 16.75
409 19.738
410 106.8
411 22.626
412 29.224
413 5.632
414 38.421
415 34.801
416 32.003
417 43.689
418 13.516
419 22.152
420 57.534
421 53.082
422 28.794
423 96.815
424 9.122
425 23.812
426 17.726
427 98.542
428 50.88
429 55.149
430 40.695
431 82.101
432 17.943
433 38.485
434 25.548
435 5.756
436 47.567
437 9.932
438 21.408
439 22.337
440 13.156
441 28.529
442 16.64
443 34.398
444 63.349
445 15.198
446 19.546
447 17.755
448 19.215
449 22.198
450 37.598
451 19.124
452 54.582
453 21.956
454 19.696
455 58.14
456 13.68
457 9.548
458 9.663
459 28.086
460 4.562
461 9.341
462 31.549
463 70.519
464 67.003
465 12.278
466 14.144
467 28.207
468 6.71
469 56.391
470 66.697
471 26.19
472 18.337
473 16.087
474 19.069
475 29.196
476 18.351
477 61.52
478 11.861
479 18.714
480 17.523
481 16.153
482 13.601
483 20.317
484 19.974
485 37.47
486 28.497
487 21.538
488 15.827
489 18.805
490 21.468
491 19.4
492 22.687
493 22.542
494 17.082
495 37.728
496 98.442
497 28.948
498 34.661
499 17.384

RETURNSCALED 499
0 58.5205 
1 31.9379 
2 65.6945 
3 36.5045 
4 50.2171 
5 48.9051 
6 52.2128 
7 41.5376 
8 32.0873 
9 41.9016 
10 50.6153 
11 43.2735 
12 37.7823 
13 45.708 
14 28.3779 
15 41.9812 
16 63.4037 
17 53.2759 
18 26.7435 
19 37.6947 
20 13.3701 
21 47.479 
22 35.7999 
23 40.8855 
24 30.6202 
25 37.8423 
26 41.8953 
27 19.3845 
28 53.6856 
29 16.4843 
30 40.6281 
31 52.3454 
32 51.1005 
33 34.9393 
34 30.4336 
35 54.358 
36 86.8336 
37 41.6555 
38 50.2895 
39 49.2754 
40 42.2516 
41 29.4814 
42 27.2789 
43 18.5839 
44 57.9322 
45 31.5551 
46 55.707 
47 43.8351 
48 46.2239 
49 40.1125 
50 33.2846 
51 11.4495 
52 41.3297 
53 47.8725 
54 46.8831 
55 44.3359 
56 50.5263 
57 35.3211 
58 42.0222 
59 25.6768 
60 20.3262 
61 42.5428 
62 38.5461 
63 90.7777 
64 36.2704 
65 19.4498 
66 19.0719 
67 44.7789 
68 40.2999 
69 49.3334 
70 44.6852 
71 58.7886 
72 54.878 
73 32.768 
74 34.8982 
75 44.0915 
76 94.9025 
77 36.8139 
78 34.317 
79 46.3177 
80 53.8555 
81 57.9695 
82 39.1747 
83 10.8222 
84 43.0394 
85 36.9539 
86 35.4882 
87 12.9147 
88 62.4889 
89 42.2258 
90 43.6453 
91 11.0184 
92 37.5114 
93 37.7535 
94 53.1695 
95 41.0811 
96 22.8301 
97 50.8789 
98 29.8747 
99 38.5064 
100 51.1059 
101 25.1223 
102 46.571 
103 75.2236 
104 47.3599 
105 33.2577 
106 36.0649 
107 31.6447 
108 42.4569 
109 34.4437 
110 12.9435 
111 41.7544 
112 50.9233 
113 41.6813 
114 55.8861 
115 59.0638 
116 52.6283 
117 39.7978 
118 45.6345 
119 12.0032 
120 18.0408 
121 45.9412 
122 47.214 
123 47.3198 
124 31.4029 
125 40.4094 
126 34.5339 
127 7.633 
128 37.783 
129 46.1784 
130 30.5592 
131 43.2498 
132 55.2117 
133 40.2576 
134 42.125 
135 50.849 
136 38.6335 
137 36.2158 
138 47.9163 
139 49.1039 
140 72.4953 
141 41.6753 
142 69.4101 
143 46.7615 
144 32.6132 
145 44.0209 
146 40.3332 
147 7.1324 
148 40.9046 
149 45.0431 
150 42.0969 
151 39.1404 
152 41.6053 
153 56.2947 
154 11.4036 
155 41.7841 
156 13.9597 
157 32.7532 
158 36.9739 
159 30.4889 
160 52.5574 
161 31.5446 
162 41.0169 
163 39.1585 
164 15.5238 
165 36.7127 
166 10.4134 
167 60.7706 
168 44.945 
169 36.255 
170 14.4081 
171 35.5495 
172 21.3566 
173 16.8663 
174 52.2052 
175 27.9016 
176 58.6567 
177 60.7601 
178 32.7382 
179 43.0691 
180 40.569 
181 45.0004 
182 35.2278 
183 38.516 
184 50.6245 
185 29.3253 
186 50.8822 
187 39.4502 
188 34.6704 
189 61.8426 
190 13.9522 
191 40.4036 
192 20.5214 
193 53.1448 
194 42.838 
195 55.6481 
196 28.724 
197 45.6664 
198 63.2803 
199 32.5257 
200 37.0471 
201 24.4368 
202 35.8753 
203 31.4488 
204 44.8804 
205 32.0952 
206 52.2252 
207 43.4956 
208 54.5651 
209 54.1808 
210 45.569 
211 15.6748 
212 40.2838 
213 41.1935 
214 40.5429 
215 47.3863 
216 43.7848 
217 63.4246 
218 21.6826 
219 73.5884 
220 34.4045 
221 40.8029 
222 27.1978 
223 45.0508 
224 67.7529 
225 50.2037 
226 46.3394 
227 67.7118 
228 30.5134 
229 30.4796 
230 38.625 
231 37.198 
232 53.383 
233 1.7578 
234 40.8173 
235 48.2366 
236 13.1685 
237 39.511 
238 55.157 
239 12.8556 
240 41.7936 
241 41.283 
242 45.0289 
243 39.9918 
244 55.0204 
245 49.8112 
246 66.4044 
247 52.4742 
248 24.7549 
249 40.6109 
250 45.8277 
251 43.5969 
252 42.685 
253 38.8849 
254 42.3811 
255 38.3931 
256 27.7957 
257 39.5642 
258 43.7069 
259 42.1004 
260 50.6841 
261 56.2763 
262 24.0125 
263 26.192 
264 37.0304 
265 27.4609 
266 52.3073 
267 43.1741 
268 44.8038 
269 39.681 
270 44.3098 
271 57.6033 
272 29.7996 
273 53.0578 
274 41.9682 
275 35.437 
276 31.2224 
277 24.4238 
278 50.5288 
279 46.7638 
280 65.1279 
281 51.9713 
282 41.5405 
283 35.5254 
284 22.5856 
285 28.7128 
286 43.8778 
287 50.374 
288 45.8883 
289 34.4906 
290 46.8251 
291 71.4891 
292 41.6931 
293 38.5667 
294 23.7612 
295 40.9603 
296 33.6404 
297 48.5346 
298 49.7391 
299 37.3967 
300 40.9731 
301 37.0515 
302 39.5582 
303 63.8997 
304 52.5581 
305 68.6964 
306 54.6566 
307 44.0506 
308 33.8181 
309 21.8841 
310 42.6744 
311 37.4745 
312 38.7304 
313 56.8954 
314 35.7224 
315 53.7139 
316 43.6711 
317 39.6328 
318 37.8921 
319 51.7477 
320 27.4941 
321 50.6895 
322 39.7068 
323 40.9569 
324 48.7022 
325 19.2541 
326 14.4611 
327 15.1573 
328 56.4994 
329 32.6276 
330 56.1632 
331 40.7672 
332 12.5258 
333 48.1067 
334 42.0582 
335 47.6325 
336 62.5929 
337 42.3292 
338 21.0645 
339 29.8995 
340 13.394 
341 24.5145 
342 68.1277 
343 40.8531 
344 68.903 
345 48.4644 
346 19.316 
347 10.3128 
348 46.416 
349 32.2431 
350 86.1385 
351 47.3678 
352 14.5143 
353 41.7116 
354 22.8531 
355 19.9335 
356 39.6146 
357 39.0139 
358 44.7055 
359 44.4362 
360 15.5033 
361 39.9736 
362 43.1016 
363 39.175 
364 28.9793 
365 39.0022 
366 43.6121 
367 17.193 
368 34.4753 
369 41.5465 
370 39.5289 
371 14.2037 
372 43.1533 
373 41.0635 
374 33.9663 
375 43.054 
376 14.6921 
377 56.9251 
378 24.6261 
379 27.3773 
380 48.8983 
381 30.8453 
382 51.3851 
383 35.7643 
384 44.3793 
385 35.0584 
386 35.9597 
387 44.6095 
388 44.3589 
389 20.4364 
390 44.2179 
391 27.4619 
392 46.0818 
393 32.864 
394 33.0265 
395 42.8792 
396 20.0577 
397 62.316 
398 40.3635 
399 20.2542 
400 34.4565 
401 32.0483 
402 69.3495 
403 68.8932 
404 39.2934 
405 43.4183 
406 42.7235 
407 29.2678 
408 40.9352 
409 38.777 
410 54.2637 
411 32.7186 
412 31.3289 
413 12.7909 
414 43.2149 
415 33.95 
416 23.4054 
417 48.0094 
418 27.9345 
419 39.8691 
420 64.9048 
421 42.5418 
422 33.6285 
423 43.3746 
424 35.0618 
425 28.2806 
426 39.9414 
427 44.7783 
428 45.4792 
429 32.6003 
430 50.0668 
431 54.904 
432 47.731 
433 47.7247 
434 33.1881 
435 16.1666 
436 59.541 
437 11.8402 
438 42.0521 
439 48.522 
440 37.3111 
441 43.4617 
442 47.0325 
443 43.5214 
444 53.2224 
445 35.2813 
446 44.6373 
447 40.7276 
448 60.7052 
449 40.1404 
450 41.6272 
451 36.2189 
452 40.03 
453 42.2739 
454 33.2767 
455 13.828 
456 34.0617 
457 38.1798 
458 39.4634 
459 10.7951 
460 39.0528 
461 22.2371 
462 36.7029 
463 57.8477 
464 45.3056 
465 29.2193 
466 35.5864 
467 21.3234 
468 36.3764 
469 54.014 
470 32.116 
471 33.8996 
472 35.1461 
473 40.0045 
474 49.9162 
475 45.089 
476 48.4953 
477 30.8535 
478 44.4882 
479 42.5114 
480 51.1657 
481 34.7444 
482 53.7701 
483 43.8881 
484 36.0763 
485 0.2012 
486 47.5932 
487 38.043 
488 49.0238 
489 46.8254 
490 38.3973 
491 52.6989 
492 38.9417 
493 26.0108 
494 43.1406 
495 30.5837 
496 38.0416 
497 41.1486 
498 38.9603 


COVAR 19
15.314 -0.382 0.389 1.41 4.178 0.034 0.22 0 0 0 0 0 0 0 0 0 0 0 0
-0.382 0.254 0.027 0.262 0.31 -0 0.09 0 0 0 0 0 0 0 0 0 0 0 0
0.389 0.027 0.472 1.716 1.341 0.023 -0.009 0 0 0 0 0 0 0 0 0 0 0 0
1.41 0.262 1.716 11.447 7.39 0.136 -0.072 0 0 0 0 0 0 0 0 0 0 0 0
4.178 0.31 1.341 7.39 26.126 0.104 1.753 0 0 0 0 0 0 0 0 0 0 0 0
0.034 -0 0.023 0.136 0.104 0.038 -0.013 0 0 0 0 0 0 0 0 0 0 0 0
0.22 0.09 -0.009 -0.072 1.753 -0.013 4.639 0 0 0 0 0 0 0 0 0 0 0 0
0 0 0 0 0 0 0 9.829 2.116 -2.041 1.623 -1.945 -1.085 -1.264 -1.929 1.258 3.133 -2.264 -1.006
0 0 0 0 0 0 0 2.116 3.314 -1.508 0.422 -0.285 -1.765 -0.531 -0.747 2.213 1.674 -1.672 -0.134
0 0 0 0 0 0 0 -2.041 -1.508 9.578 -2.442 -0.176 1.544 -0.441 -0.342 -2.514 -1.598 6.134 1.017
0 0 0 0 0 0 0 1.623 0.422 -2.442 4.491 -0.247 -1.893 -0.084 -1.5 0.879 1.768 -2.177 -0.243
0 0 0 0 0 0 0 -1.945 -0.285 -0.176 -0.247 4.446 -0.803 -1.53 1.995 -0.924 -2.022 0.477 -0.345
0 0 0 0 0 0 0 -1.085 -1.765 1.544 -1.893 -0.803 9.421 -0.615 -1.532 -3.226 -1.632 2.856 2.182
0 0 0 0 0 0 0 -1.264 -0.531 -0.441 -0.084 -1.53 -0.615 7.112 -0.74 -0.834 0.4 -0.271 -0.845
0 0 0 0 0 0 0 -1.929 -0.747 -0.342 -1.5 1.995 -1.532 -0.74 7.972 -1.931 -1.935 0.176 0.003
0 0 0 0 0 0 0 1.258 2.213 -2.514 0.879 -0.924 -3.226 -0.834 -1.931 8.845 1.451 -3.014 0.672
0 0 0 0 0 0 0 3.133 1.674 -1.598 1.768 -2.022 -1.632 0.4 -1.935 1.451 9.876 -1.598 0.451
0 0 0 0 0 0 0 -2.264 -1.672 6.134 -2.177 0.477 2.856 -0.271 0.176 -3.014 -1.598 6.921 0.011
0 0 0 0 0 0 0 -1.006 -0.134 1.017 -0.243 -0.345 2.182 -0.845 0.003 0.672 0.451 0.011 34.506

RHO
 0.001 
0.0076 
0.0009 
0.0023 
0.0007 
0.0013 
0.002 
0.0003 
0.0014 
0.0012 
0.0008 
0.0003 
0.0034 
0.0048 
0.0011 
0.002 
0.0004 
0.0002 
0.0008 

END


KIND
 R R R R R R R R R R R R R R R R R R R =
RHS
 -0.026 0.051 -0.056 0.005 0.057 0.08 -0.1 0.073 0.07 0.061 0.057 0.095 0.022 0.077 0.123 0.228 0.086 0.072 0.1 1
 -0.046 0.031 -0.076 -0.015 0.037 0.06 -0.12 -0.127 -0.13 -0.139 -0.143 -0.105 -0.178 -0.123 -0.077 0.028 -0.114 -0.128 -0.1 1





