assets 500 factors 19

returns
 5.85205 
 3.19379 
 6.56945 
 3.65045 
 5.02171 
 4.89051 
 5.22128 
 4.15376 
 3.20873 
 4.19016 
 5.06153 
 4.32735 
 3.77823 
 4.5708 
 2.83779 
 4.19812 
 6.34037 
 5.32759 
 2.67435 
 3.76947 
 1.33701 
 4.7479 
 3.57999 
 4.08855 
 3.06202 
 3.78423 
 4.18953 
 1.93845 
 5.36856 
 1.64843 
 4.06281 
 5.23454 
 5.11005 
 3.49393 
 3.04336 
 5.4358 
 8.68336 
 4.16555 
 5.02895 
 4.92754 
 4.22516 
 2.94814 
 2.72789 
 1.85839 
 5.79322 
 3.15551 
 5.5707 
 4.38351 
 4.62239 
 4.01125 
 3.32846 
 1.14495 
 4.13297 
 4.78725 
 4.68831 
 4.43359 
 5.05263 
 3.53211 
 4.20222 
 2.56768 
 2.03262 
 4.25428 
 3.85461 
 9.07777 
 3.62704 
 1.94498 
 1.90719 
 4.47789 
 4.02999 
 4.93334 
 4.46852 
 5.87886 
 5.4878 
 3.2768 
 3.48982 
 4.40915 
 9.49025 
 3.68139 
 3.4317 
 4.63177 
 5.38555 
 5.79695 
 3.91747 
 1.08222 
 4.30394 
 3.69539 
 3.54882 
 1.29147 
 6.24889 
 4.22258 
 4.36453 
 1.10184 
 3.75114 
 3.77535 
 5.31695 
 4.10811 
 2.28301 
 5.08789 
 2.98747 
 3.85064 
 5.11059 
 2.51223 
 4.6571 
 7.52236 
 4.73599 
 3.32577 
 3.60649 
 3.16447 
 4.24569 
 3.44437 
 1.29435 
 4.17544 
 5.09233 
 4.16813 
 5.58861 
 5.90638 
 5.26283 
 3.97978 
 4.56345 
 1.20032 
 1.80408 
 4.59412 
 4.7214 
 4.73198 
 3.14029 
 4.04094 
 3.45339 
 .7633 
 3.7783 
 4.61784 
 3.05592 
 4.32498 
 5.52117 
 4.02576 
 4.2125 
 5.0849 
 3.86335 
 3.62158 
 4.79163 
 4.91039 
 7.24953 
 4.16753 
 6.94101 
 4.67615 
 3.26132 
 4.40209 
 4.03332 
 .71324 
 4.09046 
 4.50431 
 4.20969 
 3.91404 
 4.16053 
 5.62947 
 1.14036 
 4.17841 
 1.39597 
 3.27532 
 3.69739 
 3.04889 
 5.25574 
 3.15446 
 4.10169 
 3.91585 
 1.55238 
 3.67127 
 1.04134 
 6.07706 
 4.4945 
 3.6255 
 1.44081 
 3.55495 
 2.13566 
 1.68663 
 5.22052 
 2.79016 
 5.86567 
 6.07601 
 3.27382 
 4.30691 
 4.0569 
 4.50004 
 3.52278 
 3.8516 
 5.06245 
 2.93253 
 5.08822 
 3.94502 
 3.46704 
 6.18426 
 1.39522 
 4.04036 
 2.05214 
 5.31448 
 4.2838 
 5.56481 
 2.8724 
 4.56664 
 6.32803 
 3.25257 
 3.70471 
 2.44368 
 3.58753 
 3.14488 
 4.48804 
 3.20952 
 5.22252 
 4.34956 
 5.45651 
 5.41808 
 4.5569 
 1.56748 
 4.02838 
 4.11935 
 4.05429 
 4.73863 
 4.37848 
 6.34246 
 2.16826 
 7.35884 
 3.44045 
 4.08029 
 2.71978 
 4.50508 
 6.77529 
 5.02037 
 4.63394 
 6.77118 
 3.05134 
 3.04796 
 3.8625 
 3.7198 
 5.3383 
 .17578 
 4.08173 
 4.82366 
 1.31685 
 3.9511 
 5.5157 
 1.28556 
 4.17936 
 4.1283 
 4.50289 
 3.99918 
 5.50204 
 4.98112 
 6.64044 
 5.24742 
 2.47549 
 4.06109 
 4.58277 
 4.35969 
 4.2685 
 3.88849 
 4.23811 
 3.83931 
 2.77957 
 3.95642 
 4.37069 
 4.21004 
 5.06841 
 5.62763 
 2.40125 
 2.6192 
 3.70304 
 2.74609 
 5.23073 
 4.31741 
 4.48038 
 3.9681 
 4.43098 
 5.76033 
 2.97996 
 5.30578 
 4.19682 
 3.5437 
 3.12224 
 2.44238 
 5.05288 
 4.67638 
 6.51279 
 5.19713 
 4.15405 
 3.55254 
 2.25856 
 2.87128 
 4.38778 
 5.0374 
 4.58883 
 3.44906 
 4.68251 
 7.14891 
 4.16931 
 3.85667 
 2.37612 
 4.09603 
 3.36404 
 4.85346 
 4.97391 
 3.73967 
 4.09731 
 3.70515 
 3.95582 
 6.38997 
 5.25581 
 6.86964 
 5.46566 
 4.40506 
 3.38181 
 2.18841 
 4.26744 
 3.74745 
 3.87304 
 5.68954 
 3.57224 
 5.37139 
 4.36711 
 3.96328 
 3.78921 
 5.17477 
 2.74941 
 5.06895 
 3.97068 
 4.09569 
 4.87022 
 1.92541 
 1.44611 
 1.51573 
 5.64994 
 3.26276 
 5.61632 
 4.07672 
 1.25258 
 4.81067 
 4.20582 
 4.76325 
 6.25929 
 4.23292 
 2.10645 
 2.98995 
 1.3394 
 2.45145 
 6.81277 
 4.08531 
 6.8903 
 4.84644 
 1.9316 
 1.03128 
 4.6416 
 3.22431 
 8.61385 
 4.73678 
 1.45143 
 4.17116 
 2.28531 
 1.99335 
 3.96146 
 3.90139 
 4.47055 
 4.44362 
 1.55033 
 3.99736 
 4.31016 
 3.9175 
 2.89793 
 3.90022 
 4.36121 
 1.7193 
 3.44753 
 4.15465 
 3.95289 
 1.42037 
 4.31533 
 4.10635 
 3.39663 
 4.3054 
 1.46921 
 5.69251 
 2.46261 
 2.73773 
 4.88983 
 3.08453 
 5.13851 
 3.57643 
 4.43793 
 3.50584 
 3.59597 
 4.46095 
 4.43589 
 2.04364 
 4.42179 
 2.74619 
 4.60818 
 3.2864 
 3.30265 
 4.28792 
 2.00577 
 6.2316 
 4.03635 
 2.02542 
 3.44565 
 3.20483 
 6.93495 
 6.88932 
 3.92934 
 4.34183 
 4.27235 
 2.92678 
 4.09352 
 3.8777 
 5.42637 
 3.27186 
 3.13289 
 1.27909 
 4.32149 
 3.395 
 2.34054 
 4.80094 
 2.79345 
 3.98691 
 6.49048 
 4.25418 
 3.36285 
 4.33746 
 3.50618 
 2.82806 
 3.99414 
 4.47783 
 4.54792 
 3.26003 
 5.00668 
 5.4904 
 4.7731 
 4.77247 
 3.31881 
 1.61666 
 5.9541 
 1.18402 
 4.20521 
 4.8522 
 3.73111 
 4.34617 
 4.70325 
 4.35214 
 5.32224 
 3.52813 
 4.46373 
 4.07276 
 6.07052 
 4.01404 
 4.16272 
 3.62189 
 4.003 
 4.22739 
 3.32767 
 1.3828 
 3.40617 
 3.81798 
 3.94634 
 1.07951 
 3.90528 
 2.22371 
 3.67029 
 5.78477 
 4.53056 
 2.92193 
 3.55864 
 2.13234 
 3.63764 
 5.4014 
 3.2116 
 3.38996 
 3.51461 
 4.00045 
 4.99162 
 4.5089 
 4.84953 
 3.08535 
 4.44882 
 4.25114 
 5.11657 
 3.47444 
 5.37701 
 4.38881 
 3.60763 
 .02012 
 4.75932 
 3.8043 
 4.90238 
 4.68254 
 3.83973 
 5.26989 
 3.89417 
 2.60108 
 4.31406 
 3.05837 
 3.80416 
 4.11486 
 3.89603 
  0.00

asset_upper_bounds
 0.1
 0.1
 0.1
 0.1
 0.1
 0.1
 0.1
 0.1
 0.1
 0.1
 0.1
 0.1
 0.1
 0.1
 0.1
 0.1
 0.1
 0.1
 0.1
 0.1
 0.1
 0.1
 0.1
 0.1
 0.1
 0.1
 0.1
 0.1
 0.1
 0.1
 0.1
 0.1
 0.1
 0.1
 0.1
 0.1
 0.1
 0.1
 0.1
 0.1
 0.1
 0.1
 0.1
 0.1
 0.1
 0.1
 0.1
 0.1
 0.1
 0.1
 0.1
 0.1
 0.1
 0.1
 0.1
 0.1
 0.1
 0.1
 0.1
 0.1
 0.1
 0.1
 0.1
 0.1
 0.1
 0.1
 0.1
 0.1
 0.1
 0.1
 0.1
 0.1
 0.1
 0.1
 0.1
 0.1
 0.1
 0.1
 0.1
 0.1
 0.1
 0.1
 0.1
 0.1
 0.1
 0.1
 0.1
 0.1
 0.1
 0.1
 0.1
 0.1
 0.1
 0.1
 0.1
 0.1
 0.1
 0.1
 0.1
 0.1
 0.1
 0.1
 0.1
 0.1
 0.1
 0.1
 0.1
 0.1
 0.1
 0.1
 0.1
 0.1
 0.1
 0.1
 0.1
 0.1
 0.1
 0.1
 0.1
 0.1
 0.1
 0.1
 0.1
 0.1
 0.1
 0.1
 0.1
 0.1
 0.1
 0.1
 0.1
 0.1
 0.1
 0.1
 0.1
 0.1
 0.1
 0.1
 0.1
 0.1
 0.1
 0.1
 0.1
 0.1
 0.1
 0.1
 0.1
 0.1
 0.1
 0.1
 0.1
 0.1
 0.1
 0.1
 0.1
 0.1
 0.1
 0.1
 0.1
 0.1
 0.1
 0.1
 0.1
 0.1
 0.1
 0.1
 0.1
 0.1
 0.1
 0.1
 0.1
 0.1
 0.1
 0.1
 0.1
 0.1
 0.1
 0.1
 0.1
 0.1
 0.1
 0.1
 0.1
 0.1
 0.1
 0.1
 0.1
 0.1
 0.1
 0.1
 0.1
 0.1
 0.1
 0.1
 0.1
 0.1
 0.1
 0.1
 0.1
 0.1
 0.1
 0.1
 0.1
 0.1
 0.1
 0.1
 0.1
 0.1
 0.1
 0.1
 0.1
 0.1
 0.1
 0.1
 0.1
 0.1
 0.1
 0.1
 0.1
 0.1
 0.1
 0.1
 0.1
 0.1
 0.1
 0.1
 0.1
 0.1
 0.1
 0.1
 0.1
 0.1
 0.1
 0.1
 0.1
 0.1
 0.1
 0.1
 0.1
 0.1
 0.1
 0.1
 0.1
 0.1
 0.1
 0.1
 0.1
 0.1
 0.1
 0.1
 0.1
 0.1
 0.1
 0.1
 0.1
 0.1
 0.1
 0.1
 0.1
 0.1
 0.1
 0.1
 0.1
 0.1
 0.1
 0.1
 0.1
 0.1
 0.1
 0.1
 0.1
 0.1
 0.1
 0.1
 0.1
 0.1
 0.1
 0.1
 0.1
 0.1
 0.1
 0.1
 0.1
 0.1
 0.1
 0.1
 0.1
 0.1
 0.1
 0.1
 0.1
 0.1
 0.1
 0.1
 0.1
 0.1
 0.1
 0.1
 0.1
 0.1
 0.1
 0.1
 0.1
 0.1
 0.1
 0.1
 0.1
 0.1
 0.1
 0.1
 0.1
 0.1
 0.1
 0.1
 0.1
 0.1
 0.1
 0.1
 0.1
 0.1
 0.1
 0.1
 0.1
 0.1
 0.1
 0.1
 0.1
 0.1
 0.1
 0.1
 0.1
 0.1
 0.1
 0.1
 0.1
 0.1
 0.1
 0.1
 0.1
 0.1
 0.1
 0.1
 0.1
 0.1
 0.1
 0.1
 0.1
 0.1
 0.1
 0.1
 0.1
 0.1
 0.1
 0.1
 0.1
 0.1
 0.1
 0.1
 0.1
 0.1
 0.1
 0.1
 0.1
 0.1
 0.1
 0.1
 0.1
 0.1
 0.1
 0.1
 0.1
 0.1
 0.1
 0.1
 0.1
 0.1
 0.1
 0.1
 0.1
 0.1
 0.1
 0.1
 0.1
 0.1
 0.1
 0.1
 0.1
 0.1
 0.1
 0.1
 0.1
 0.1
 0.1
 0.1
 0.1
 0.1
 0.1
 0.1
 0.1
 0.1
 0.1
 0.1
 0.1
 0.1
 0.1
 0.1
 0.1
 0.1
 0.1
 0.1
 0.1
 0.1
 0.1
 0.1
 0.1
 0.1
 0.1
 0.1
 0.1
 0.1
 0.1
 0.1
 0.1
 0.1
 0.1
 0.1
 0.1
 0.1
 0.1
 0.1
 0.1
 0.1
 0.1
 0.1
 0.1
 0.1
 0.1
 0.1
 0.1
 0.1
 0.1
 0.1
 0.1
 0.1
 0.1
 0.1
 0.1
 0.1
 0.1
 0.1
 0.1
 0.1
 0.1
 0.1
 0.1
 0.1
 0.1
 0.1
 0.1
 0.1
 0.1
 0.1
 0.1
 0.1
 0.1
 0.1
 0.1
 0.1
 0.1
 0.1
 0.1
 0.1
 0.1
 0.1
 0.1
 0.1
 0.1
 0.1
 0.1
 0.1
 0.1
 0.1
 0.1
 0.1
 0.1
 0.1
 0.1
 0.1
 0.1
 0.1
 0.1
 0.1
 0.1
 0.1
 0.1
 0.1
 0.1
 0.1
 0.1
 0.1

residuals
 101.493
 7.927
 112.093
 14.069
 27.24
 15.851
 33.585
 28.389
 20.444
 16.635
 39.478
 37.574
 19.963
 19.624
 21.647
 16.207
 49.38
 108.72
 12.257
 15.73
 4.144
 18.281
 12.368
 28.004
 8.103
 9.564
 32.626
 6.065
 53.887
 4.045
 22.539
 21.869
 57.826
 14.179
 15.892
 81.03
 91.935
 23.539
 43.192
 33.77
 35.299
 27.698
 7.635
 5.487
 88.337
 15.207
 70.488
 19.823
 25.696
 27.869
 25.774
 6.394
 17.895
 35.211
 25.615
 21.61
 17.522
 38.862
 23.215
 72.191
 89.691
 14.107
 12.417
 90.212
 16.582
 6.085
 10.515
 24.023
 19.848
 57.626
 76.475
 55.391
 39.263
 33.173
 21.566
 27.449
 93.63
 34.971
 3.62
 20.482
 25.615
 44.568
 15.671
 19.533
 75.147
 34.393
 21.319
 6.684
 27.282
 25.39
 55.624
 6.966
 51.786
 13.78
 96.952
 17.18
 6.663
 48.31
 16.573
 16.758
 58.269
 5.593
 85.32
 72.06
 27.654
 10.415
 27.112
 10.556
 57.555
 14.451
 30.488
 46.451
 48.66
 16.553
 69.916
 73.318
 25.741
 20.718
 66.602
 7.292
 14.089
 18.225
 18.273
 36.029
 26.168
 13.831
 23.075
 67.438
 11.258
 23.762
 22.268
 10.479
 63.095
 28.995
 16.768
 41.794
 28.33
 83.508
 74.964
 26.985
 18.459
 30.881
 159.072
 24.41
 15.455
 65.68
 36.18
 3.933
 13.934
 19.829
 7.753
 16.988
 26.85
 156.667
 7.325
 11.505
 5.694
 12.414
 21.555
 20.413
 30.237
 17.592
 17.895
 36.123
 68.341
 20.577
 7.442
 177.803
 7.751
 42.844
 23.269
 30.991
 12.083
 3.207
 19.175
 34.339
 26.624
 25.713
 21.601
 21.86
 14.135
 13.75
 15.807
 21.763
 44.417
 35.798
 37.72
 26.561
 23.142
 37.728
 5.499
 75.512
 19.914
 70.002
 14.305
 66.592
 26.228
 7.621
 133.219
 13.613
 29.265
 16.501
 23.253
 9.19
 28.137
 21.747
 34.31
 20.583
 21.902
 32.486
 27.512
 8.142
 16.929
 25.006
 46.892
 25.277
 25.879
 94.579
 5.416
 93.878
 28.115
 37.674
 15.5
 43.263
 108.496
 22.58
 38.468
 57.329
 11.952
 25.817
 21.154
 20.147
 18.732
 81.893
 56.543
 35.775
 69.508
 19.644
 19.906
 7.564
 40.283
 21.115
 18.669
 37.138
 27.879
 45.805
 34.862
 84.533
 17.592
 13.218
 8.86
 17.32
 145.159
 23.246
 27.574
 29.002
 16.442
 6.718
 23.801
 25.501
 28.474
 52.099
 16.538
 12.994
 15.549
 14.136
 41.08
 19.398
 40.144
 36.162
 10.922
 43.175
 19.141
 49.95
 13.306
 13.648
 15.489
 28.299
 33.225
 53.92
 102.645
 102.679
 39.759
 48.274
 31.691
 9.586
 25.179
 30.006
 22.099
 24.607
 25.122
 29.159
 45.528
 12.603
 49.568
 16.355
 41.513
 18.413
 24.162
 19.51
 18.946
 7.579
 15.731
 18.746
 29.334
 138.891
 36.696
 35.807
 7.765
 3.443
 18.945
 18.781
 16.791
 31.006
 18.982
 34.093
 51.346
 19.473
 13.241
 78.866
 13.871
 24.193
 71.963
 23.236
 33.599
 49.565
 19.223
 16.358
 63.163
 23.684
 45.606
 7.666
 3.795
 25.643
 55.316
 12.415
 102.623
 43.835
 4.061
 18.642
 7.533
 36.29
 98.615
 29.599
 30.603
 37.019
 10.473
 6.048
 30.814
 33.601
 55.879
 32.071
 8.936
 18.008
 27.485
 14.125
 39.619
 13.537
 33.524
 12.758
 7.717
 40.458
 29.164
 11.31
 14.105
 26.626
 18.979
 60.677
 17.069
 29.856
 16.768
 5.191
 14.436
 21.203
 11.601
 16.752
 5.214
 69.37
 22.275
 13.799
 43.709
 12.019
 71.943
 13.023
 29.065
 23.086
 19.589
 22.661
 61.294
 3.839
 18.025
 28.471
 23.241
 13.342
 47.732
 27.343
 16.376
 122.232
 18.017
 6.944
 9.798
 11.423
 67.05
 154.068
 14.092
 16.342
 23.318
 55.268
 16.75
 19.738
 106.8
 22.626
 29.224
 5.632
 38.421
 34.801
 32.003
 43.689
 13.516
 22.152
 57.534
 53.082
 28.794
 96.815
 9.122
 23.812
 17.726
 98.542
 50.88
 55.149
 40.695
 82.101
 17.943
 38.485
 25.548
 5.756
 47.567
 9.932
 21.408
 22.337
 13.156
 28.529
 16.64
 34.398
 63.349
 15.198
 19.546
 17.755
 19.215
 22.198
 37.598
 19.124
 54.582
 21.956
 19.696
 58.14
 13.68
 9.548
 9.663
 28.086
 4.562
 9.341
 31.549
 70.519
 67.003
 12.278
 14.144
 28.207
 6.71
 56.391
 66.697
 26.19
 18.337
 16.087
 19.069
 29.196
 18.351
 61.52
 11.861
 18.714
 17.523
 16.153
 13.601
 20.317
 19.974
 37.47
 28.497
 21.538
 15.827
 18.805
 21.468
 19.4
 22.687
 22.542
 17.082
 37.728
 98.442
 28.948
 34.661
 17.384



Vtranspose

0.52 2.014 -0.302 -0.256 -0.735 -2.132 0.049 0 0 0 0 0 0 0 0 1.379 0 0 0 
-0.527 0.217 -0.716 0.271 0.387 0.153 -0.807 0 0 0 0 0 0 0 -0.299 0 0 0 0 
2.105 -1.14 -0.814 1.022 -2.017 1.569 2.71 0 0 0 0 0 0 0 0 -0.607 0 0 0 
-0.25 0.362 -0.61 -0.648 -0.462 0.61 0.995 0 0 0 0 0 0 -1.369 0 0 0 0 0 
0.5 0.455 1.687 -3.093 0.706 -0.671 0.711 0 0 0 0 0 0 -0.889 0 0 0 0 0 
0.927 0.335 -0.125 -0.281 0.022 -0.338 0.08 -0.409 0 0 0 0 0 0 0 0 0 0 0 
0.636 0.163 0.825 1.45 0.403 -2.132 0.126 0 0 -2.276 0 0 0 0 0 0 0 0 0 
0.263 -0.276 1.295 -0.936 0.003 -0.567 -1.959 0 0 0 0 -0.46 0 0 0 0 0 0 0 
-0.595 -0.077 -0.321 0.931 -0.297 0.548 0.441 0 0 0 0 0.579 0 0 0 0 0 0 0 
0.449 0.16 -0.918 0.841 1.248 -0.608 -0.358 -0.501 0 0 0 0 0 0 0 0 0 0 0 
1.069 0.101 1.527 -0.919 0.365 -0.633 -0.384 -0.196 0 0 0 0 0 0 0 0 0 0 0 
0.059 0.413 0.087 0.359 0.775 -2.167 0.832 0 0 0 0 0 0 0 -0.633 0 0 0 0 
0.076 0.175 0.301 0.29 -0.698 -0.035 0.835 0 -0.61 0 0 0 0 0 0 0 0 0 0 
-0.243 -1.484 1.072 -2.008 0.649 -1.428 1.787 0 0 0 0 0 0 0.807 0 0 0 0 0 
-0.63 0.38 0.294 -0.456 0.313 -0.601 -0.074 0 0 -0.317 0 0 0 0 0 0 0 0 0 
0.63 0.401 -0.855 1.408 0.039 -0.478 0.328 -0.071 0 0 0 0 0 0 0 0 0 0 0 
2.052 0.048 -0.371 0.83 -2.376 -0.241 -0.551 0 0 0 0 0 0 0 -0.216 0 0 0 0 
1.387 0.73 -0.556 1.21 0.711 0.54 -1.247 0 0 0 0 0 0 0 0 -1.092 0 0 0 
-0.179 0.867 -0.02 0.999 -0.042 0.997 -1.125 0 0 0 0 0 -1.37 0 0 0 0 0 0 
-0.222 -0.419 -0.519 0.112 1.07 -0.328 -1.19 0 0 0 0 -0.649 0 0 0 0 0 0 0 
-1.786 0.044 -0.867 0.242 -0.501 0.077 -0.375 0 0 0 0 0 0 0 0 0 0 -0.838 0 
0.347 -0.635 -0.699 0.071 0.605 -0.384 1.106 0 0 0 0 0 0 -0.264 0 0 0 0 0 
-0.251 0.394 0.832 -1.068 -0.425 -0.395 -0.115 0 0 0 0 0 0 -0.946 0 0 0 0 0 
0.13 0.347 -0.879 0.497 -0.099 -0.405 0.493 0 0 0 -0.631 0 0 0 0 0 0 0 0 
-0.756 -0.124 -0.524 0.148 0.527 0.219 -0.665 0 0 0 0 0 0 0 -0.412 0 0 0 0 
-0.296 0.089 -1.316 -0.265 0.319 -0.007 0.189 0 0 0 0 0 0 -0.199 0 0 0 0 0 
0.245 -1.037 0.759 1.585 -2.028 -0.842 0.775 0 0 0 0 0.464 0 0 0 0 0 0 0 
-1.137 0.685 -0.418 -0.243 -0.259 0.15 -0.026 0 0 -0.662 0 0 0 0 0 0 0 0 0 
-0.442 -1.781 -1.469 0.522 0.21 0.264 -0.005 0 0 0 0 0 0 0 0 1.911 0 0 0 
-1.07 0.669 -0.239 1.206 -0.253 0.808 -1.057 0 0 0 0 0 -1.147 0 0 0 0 0 0 
0.473 0.019 -0.198 1.437 -0.977 0.365 -0.245 0 -0.804 0 0 0 0 0 0 0 0 0 0 
1.259 0.534 0.331 -0.203 -0.069 -0.671 -0.08 0 0 0 0 0 0 0 0 0 -1.482 0 0 
-0.193 -0.055 0.632 -0.295 0.452 -1.297 -0.172 0 0 0 0 0 0 0 0 1.84 0 0 0 
-0.311 -0.884 0.221 -0.148 0.367 0.687 -0.351 0 0 0 0 -0.306 0 0 0 0 0 0 0 
-0.775 -0.188 0.446 -0.088 -0.534 -0.394 0.571 0 0 0 0 0 0 -0.136 0 0 0 0 0 
0.403 -2.872 0.65 0.33 1.259 0.228 1.16 0 0 0 0 0 0 0 0 -0.281 0 0 0 
3.193 1.505 0.708 -1.317 0.289 0.633 -0.86 0 0 0 0 0 0 0 0 1.383 0 0 0 
0.354 1.715 -0.54 0.337 -0.062 -0.471 -0.594 0 0 0 0 -0.638 0 0 0 0 0 0 0 
2.069 3.942 -0.183 0.298 -1.212 1.283 -1.611 -4 0 0 0 0 0 0 0 0 0 0 0 
0.609 0.011 -0.616 -1.048 0.342 -0.774 0.701 0 0 0 -0.518 0 0 0 0 0 0 0 0 
0.663 0.174 -0.997 1.64 1.642 0.51 -0.686 -1.14 0 0 0 0 0 0 0 0 0 0 0 
-0.058 2.008 0.691 0.037 0.429 0.448 -0.331 0 0 0 0 0 -2.055 0 0 0 0 0 0 
-0.521 1.535 -0.158 0.085 -0.473 -0.197 0.215 0 0 -1.251 0 0 0 0 0 0 0 0 0 
-0.698 0.206 0.005 1.461 -0.905 1.23 -0.774 0 0 0 0 0 -0.912 0 0 0 0 0 0 
1.124 0.581 -0.696 0.628 1.857 1.195 -1.652 0 0 0 0 0 0 0 0 0.325 0 0 0 
-0.493 0.251 0.481 0.24 -0.676 0.125 -0.526 0 0 0 0 -0.445 0 0 0 0 0 0 0 
0.448 -0.547 -1.731 1.677 -0.133 -2.962 1.76 0 0 0 0.226 0 0 0 0 0 0 0 0 
0.205 0.295 0.473 -1.018 0.57 -1.154 0.011 0 -0.379 0 0 0 0 0 0 0 0 0 0 
0.362 -1.12 0.509 0.443 0.013 -1.112 0.542 0 0 0 0 0.437 0 0 0 0 0 0 0 
0.919 0.378 0.519 0.872 -0.755 0.163 -0.58 0 0 0 0 0 -0.585 0 0 0 0 0 0 
-0.13 0.583 -0.01 1.183 1.038 -1.398 -1.682 0 -1.43 0 0 0 0 0 0 0 0 0 0 
-1.971 0.418 -0.434 -0.142 -0.622 0.494 -0.123 0 0 0 0 0 0 0 0 0 0 -1.14 0 
-0.066 0.327 1.014 -1.8 -0.592 -0.367 1.053 0 0 0 0 0 0 -0.431 0 0 0 0 0 
0.288 1.364 0.664 -0.851 0.733 -1.134 2.019 0 0 0 0 0 0 -1.445 0 0 0 0 0 
0.142 -0.185 1.423 -1.799 0.645 -0.863 1.891 0 0 0 0 0 0 -0.021 0 0 0 0 0 
0.041 -1.03 1.776 -2.163 0.141 0.381 1.857 0 0 0 0 0 0 0.898 0 0 0 0 0 
0.394 -1.069 0.455 -0.97 -0.479 -0.741 0.932 0 0 0 0 0 0 0.078 0 0 0 0 0 
-0.477 -0.476 0.978 -0.312 -1.341 -0.317 0.002 0 0 0 0 0 0 0 -0.743 0 0 0 0 
0.291 0.584 -0.298 0.147 -0.126 -0.938 0.754 0 0 0 0 0 0 -0.818 0 0 0 0 0 
-0.292 -1.374 -1.634 2.539 -0.222 0.704 -2.342 1.362 0 0 0 0 0 0 0 0 0 0 0 
-0.924 -1.868 0.823 2.385 -0.358 -0.766 -2.764 -1.171 0 0 0 0 0 0 0 0 0 0 0 
0.176 -0.452 -0.104 -0.107 -0.555 -0.082 -0.017 0 0 0 0 0 0 0 0.157 0 0 0 0 
-0.044 0.097 -0.888 0.962 -0.521 0.392 0.056 0 0 0 0 0 0 0 -0.164 0 0 0 0 
3.081 2.358 -2.938 0.549 1.841 -2.68 0.082 0 0 0 0 0 0 0 0 1.087 0 0 0 
-0.421 -0.242 0.199 -0.421 -0.269 0.068 0.051 0 0 0 0 0 0 0 -0.227 0 0 0 0 
-1.273 -0.152 -1.11 0.168 -0.371 0.411 0.251 0 0 -0.52 0 0 0 0 0 0 0 0 0 
-1.191 0.544 -1.147 0.212 -1.029 0.605 -0.02 0 0 -0.933 0 0 0 0 0 0 0 0 0 
0.571 0.559 1.429 -0.504 -1.147 -1.294 -0.181 0.324 0 0 0 0 0 0 0 0 0 0 0 
-0.132 -0.204 0.946 -1.491 0.436 -0.224 0.574 0 0 0 0 0 0 -0.541 0 0 0 0 0 
1.408 2.845 0.978 -1.442 1.107 -0.305 -0.429 -2.601 0 0 0 0 0 0 0 0 0 0 0 
0.648 -0.03 0.978 1.264 -1.662 -1.55 1.287 0 0 0 0 0 0 0 -1.633 0 0 0 0 
1.11 -1.858 -0.992 1.034 0.473 -0.568 -0.81 0 0 0 0 0 0 0 1.378 0 0 0 0 
1.107 0.407 -0.876 -0.266 2.44 -0.92 0.306 0 0 0 -0.889 0 0 0 0 0 0 0 0 
-0.617 -0.702 0.543 -1.054 1.267 0.267 -1.104 0 0 0 -0.064 0 0 0 0 0 0 0 0 
-0.389 0.57 0.789 -0.322 1.512 -1.32 -0.459 0 -0.608 0 0 0 0 0 0 0 0 0 0 
0.553 -0.073 1.051 -0.679 -0.296 0.685 -0.194 -1.833 0 0 0 0 0 0 0 0 0 0 0 
2.591 -2.418 0.054 -0.808 -0.025 -1.489 0.731 0 0 0 0 0 0 0 2.875 0 0 0 0 
-0.406 -0.116 0.802 -0.746 0.493 0.336 0.745 0 -0.552 0 0 0 0 0 0 0 0 0 0 
-0.407 -0.28 -1.03 0.778 0.238 -0.327 -0.339 0 0 0 0 0 0 0 -0.295 0 0 0 0 
0.68 0.502 -0.475 0.163 0.019 -0.791 -1.427 0 0 0 0 -0.602 0 0 0 0 0 0 0 
0.902 -1.052 1.253 -1.287 0.214 -0.244 -1.676 0 -0.306 0 0 0 0 0 0 0 0 0 0 
1.92 1.166 0.784 1.069 -0.137 -1.843 1.935 0 0 0 -1.355 0 0 0 0 0 0 0 0 
0.19 0.538 -0.327 0.488 -0.931 0.084 0.472 0 0 0 0 0 0 0 0 0 -0.267 0 0 
-1.47 1.209 0.407 0.681 0.704 0.07 -0.822 0 0 0 0 0 -1.669 0 0 0 0 0 0 
-0.264 -0.981 -0.171 -0.607 -0.784 -0.205 -1.439 0 0 0 0 0 0 0 0 0.897 0 0 0 
0.102 0.823 0.789 0.024 -0.601 -1.936 0.111 0 0 0 0 0 0 0 0 0 -1.864 0 0 
-0.586 -1.115 -0.973 0.405 0.096 -0.512 -0.528 0 0 0 0 0.289 0 0 0 0 0 0 0 
-1.851 -0.124 -0.424 -0.199 -0.159 0.457 -0.406 0 0 0 0 0 0 0 0 0 0 -0.605 0 
1.572 0.661 -2.377 2.339 -2.199 -3.18 1.121 0 1.075 0 0 0 0 0 0 0 0 0 0 
0.525 0.871 -0.799 1.583 0.652 -0.729 0.11 0 -0.515 0 0 0 0 0 0 0 0 0 0 
0.079 -0.316 -0.224 -1.501 -0.984 -1.191 2.004 0 0 0 -0.7 0 0 0 0 0 0 0 0 
-1.964 -0.249 0.204 -0.586 -0.407 0.691 -0.671 0 0 0 0 0 0 0 0 0 0 -0.797 0 
0.084 -0.122 -1.181 1.098 -0.194 1.601 0.331 0 0 0 0 -0.857 0 0 0 0 0 0 0 
-0.108 -0.547 0.425 0.159 1.271 0.364 -0.499 -0.96 0 0 0 0 0 0 0 0 0 0 0 
1.364 1.41 2.387 -1.271 -3.098 -0.157 3.307 0 0 0 -2.36 0 0 0 0 0 0 0 0 
0.112 1.087 0.758 -0.627 0.842 -0.782 1.394 0 0 0 0 0 0 -1.249 0 0 0 0 0 
-0.685 0.382 0.133 0.302 -0.162 0.969 -0.617 0 0 0 0 0 -0.933 0 0 0 0 0 0 
1.089 1.161 -0.6 0.376 -0.663 0.161 3.168 0 0 0 -1.211 0 0 0 0 0 0 0 0 
-0.939 -0.514 -0.982 0.45 -0.929 -0.725 0.639 0 0 0 0 0 0 0.245 0 0 0 0 0 
-0.261 -0.058 -0.675 -0.584 -0.429 0.54 1.444 0 0 0 0 0 0 -0.458 0 0 0 0 0 
1.554 1.939 1.266 0.424 -0.496 -0.068 0.414 0 -2.204 0 0 0 0 0 0 0 0 0 0 
-1.418 0.404 1.141 -1.64 0.542 0.265 -0.785 0 0 0 0 0 0 0 0 0 0 -0.53 0 
0.787 1.354 0.525 0.621 -1.348 0.525 1.982 0 0 0 -0.551 0 0 0 0 0 0 0 0 
0.846 -1.686 -1.224 1.904 -1.523 -0.001 0.834 0 0 0 0 0 0 0 0 4.439 0 0 0 
0.419 1.081 0.447 -1.226 1.236 -0.174 1.121 0 0 0 0 0 0 -0.565 0 0 0 0 0 
-0.471 0.347 -0.094 -0.331 0.858 -0.458 -0.109 0 0 0 0 -0.777 0 0 0 0 0 0 0 
0.457 1.308 -0.41 0.214 -0.854 0.915 -0.401 0 0 0 0 0 0 0 0 0 0 -0.779 0 
-0.66 -0.195 -0.183 0.478 0.113 -0.101 -0.772 0 0 0 0 0.643 0 0 0 0 0 0 0 
0.366 0.174 0.321 0.155 -0.338 -0.211 0.567 0 0 0 -0.94 0 0 0 0 0 0 0 0 
-0.454 0.243 -0.518 -0.072 0.69 0.328 -0.507 0 0 0 0 -0.208 0 0 0 0 0 0 0 
-1.458 1.161 0.237 -0.351 0.914 1.745 -0.958 0 0 0 0 0 0 0 0 0 0 -0.517 0 
0.064 -2.663 2.382 -0.408 0.15 0.487 0.133 0 0 0 0 0 0 0 1.048 0 0 0 0 
0.46 -0.085 0.069 -1.136 -0.242 -1.645 1.443 0 0 0 0 -0.327 0 0 0 0 0 0 0 
0.116 0.462 0.611 -0.668 -0.81 -0.374 1.183 0 0 0 0 0 0 -0.317 0 0 0 0 0 
0.542 -0.264 -2.649 1.554 3.031 0.962 -1.089 0 0 0 0 0 0 0 0 1.176 0 0 0 
0.457 -0.669 0.444 0.026 0.782 1.255 0.072 0 0 0 0 0 0 0 0 1.44 0 0 0 
0.257 -0.29 0.186 -0.148 0.475 -0.864 0.468 0 0 0 0 0 0 0 0 0.355 0 0 0 
-0.098 -0.25 0.29 -0.514 0.387 0.159 0.085 0 0 0 0 0.005 0 0 0 0 0 0 0 
0.269 2.166 0.121 -1.452 -3.372 0.327 1.361 0 0 0 0 0 0 0.821 0 0 0 0 0 
-1.998 0.114 -0.269 -0.404 -0.617 0.48 0.167 0 0 0 0 0 0 0 0 0 0 -1.002 0 
-1.012 2.086 -0.229 0.057 -1.004 1.564 -0.739 0 0 0 0 0 0 0 0 0 0 -1.831 0 
0.624 0.403 -0.101 0.211 -0.589 -0.706 0.369 0 0 0 0 0 0 0 0 0 -0.128 0 0 
0.89 0.564 -0.808 1.14 -0.337 -0.188 -0.157 0 -0.756 0 0 0 0 0 0 0 0 0 0 
0.531 -1.393 0.492 0.323 -0.203 -0.227 0.332 0 0 0 0.706 0 0 0 0 0 0 0 0 
-0.866 -1.681 -0.807 0.951 -0.245 -0.35 0.872 0 0 0 0 -0.442 0 0 0 0 0 0 0 
0.022 0.142 0.266 -0.602 -0.045 -1.097 0.138 0 0 0 0 0 0 -0.179 0 0 0 0 0 
-0.304 0.402 0.54 1.457 -1.549 -0.965 0.86 0 0.08 0 0 0 0 0 0 0 0 0 0 
-0.459 0.216 -0.221 2.839 -2.261 2.317 -1.321 0 0 0 -0.722 0 0 0 0 0 0 0 0 
-0.09 0.254 -0.233 -0.642 0.948 0.533 -0.884 0 0 0 0 -0.453 0 0 0 0 0 0 0 
0.339 -0.119 0.872 -0.28 0.468 -0.1 0.447 0 -0.348 0 0 0 0 0 0 0 0 0 0 
-0.132 1.535 0.439 1.307 -1.047 -0.504 -0.625 0 -0.6 0 0 0 0 0 0 0 0 0 0 
0.461 -0.001 -0.04 -0.21 0.487 -0.592 -0.524 0 0 0 0 0 0 0 0 0 -0.556 0 0 
1.249 -0.29 1.347 -1.325 -0.905 -0.471 2.081 0 0 0 1.233 0 0 0 0 0 0 0 0 
0.759 1.837 0.21 0.473 -0.986 -0.332 0.385 0 -2.337 0 0 0 0 0 0 0 0 0 0 
0.118 -0.5 0.747 0.059 -0.005 -0.023 1.65 0 0 0 0 -0.701 0 0 0 0 0 0 0 
1.461 1.544 -0.704 0.675 0.485 -0.517 -0.686 -0.871 0 0 0 0 0 0 0 0 0 0 0 
0.344 1.699 -0.204 0.882 -1.441 -0.554 1.697 0 0 0 -1.558 0 0 0 0 0 0 0 0 
-0.188 -0.156 -0.136 0.058 0.167 -0.009 -0.178 0 0 0 0 -0.94 0 0 0 0 0 0 0 
0.823 0.64 -1.118 -0.293 0.395 -0.761 0.925 0 0 0 0 0 0 0 0 -3.131 0 0 0 
0.776 -0.931 -0.042 0.646 1.938 -0.391 1.042 0 0 0 -0.109 0 0 0 0 0 0 0 0 
2.643 -0.023 0.056 -2.486 2.292 1.477 1.363 0 0 0 0 0 0 -1.128 0 0 0 0 0 
0.247 -0.343 -1.316 1.371 0.192 0.501 -0.124 0 0.123 0 0 0 0 0 0 0 0 0 0 
1.597 1.778 2.112 1.639 -1.011 -2.047 1.259 0 0 0 0 0 0 0 0 3.198 0 0 0 
0.875 1.011 0.19 -0.606 -0.298 0.817 -0.272 0 0 0 0 0 0 0 0 0 -1.957 0 0 
-0.651 0.199 0.241 -0.28 1.201 -0.973 0.448 0 0 0 0 -0.948 0 0 0 0 0 0 0 
0.585 -0.413 -1.128 0.742 0.424 1.054 -0.653 0 0 0 0 0 0 0 0 -2.286 0 0 0 
0.075 0.538 0.258 0.838 0.467 -0.442 2.405 0 0 0 -1.2 0 0 0 0 0 0 0 0 
-2.199 0.002 0.049 -0.401 -0.115 0.974 -0.475 0 0 0 0 0 0 0 0 0 0 -0.893 0 
0.252 0.764 0.865 -1.066 -0.515 -0.38 0.123 0 0 0 0 -1.014 0 0 0 0 0 0 0 
0.486 -0.735 -0.641 0.552 -0.234 0.971 -0.697 0 -0.205 0 0 0 0 0 0 0 0 0 0 
0.707 0.79 -0.863 0.946 0.649 -0.348 -1.428 -0.949 0 0 0 0 0 0 0 0 0 0 0 
0.09 1.826 0.547 -1.996 0.863 0.947 -0.258 0 0 0 -2.708 0 0 0 0 0 0 0 0 
0.898 0.207 0.231 0.929 0.857 -0.566 -0.595 0 0 0 0 0 -0.258 0 0 0 0 0 0 
0.815 0.853 -1.11 0.513 1.302 -1.442 0.771 0 0 0 0 0 0 0 0 0.792 0 0 0 
-1.961 0.305 -0.795 -0.269 0.012 1.061 -0.046 0 0 0 0 0 0 0 0 0 0 -0.751 0 
0.42 0.883 -0.299 0.256 0.42 -0.221 -0.686 -0.633 0 0 0 0 0 0 0 0 0 0 0 
-1.897 0.209 -0.442 -0.126 -0.113 1.057 -0.394 0 0 0 0 0 0 0 0 0 0 -0.765 0 
-0.294 0.007 -0.442 0.611 -0.363 -0.026 -0.186 0 0 0 -0.981 0 0 0 0 0 0 0 0 
-0.385 -1.241 0.861 -0.074 -1.731 0.884 0.038 0 0 0 0 0 0 0 0 -0.528 0 0 0 
-0.356 0.935 1.087 -0.365 0.631 0.127 -0.799 0 0 0 0 0 0 0 0 0 0 -1.837 0 
1.742 2.302 1.692 -0.444 0.527 -1.026 0.155 -2.751 0 0 0 0 0 0 0 0 0 0 0 
-0.566 -0.298 -0.553 0.028 0.319 1.165 -0.437 0 0 0 -0.815 0 0 0 0 0 0 0 0 
0.132 0.145 0.315 -0.127 -0.067 -0.938 -0.415 0 -0.695 0 0 0 0 0 0 0 0 0 0 
0.018 -0.123 -0.393 0.056 0.643 -0.239 -0.257 0 0 0 -1.035 0 0 0 0 0 0 0 0 
-1.011 -1.268 0.562 3.765 -2.489 0.321 -1.669 -2.072 0 0 0 0 0 0 0 0 0 0 0 
-0.024 0.397 -0.228 -0.039 0.9 -0.406 -0.37 -0.767 0 0 0 0 0 0 0 0 0 0 0 
-2.011 0.09 -0.238 -0.429 -0.638 0.861 -0.492 0 0 0 0 0 0 0 0 0 0 -1.035 0 
0.411 -1.764 -2.102 1.611 -2.851 1.261 0.474 0 0 0 0 0 0 0 0 2.929 0 0 0 
0.384 0.129 -0.328 -0.268 -0.039 -0.239 -0.137 0 -0.529 0 0 0 0 0 0 0 0 0 0 
-0.186 -1.341 1.152 -1.084 0.116 2.29 -0.431 0.2 0 0 0 0 0 0 0 0 0 0 0 
-1.311 0.976 0.054 -0.157 -0.563 1.095 -2.078 0 0 0 0 0 0 0 0 0 0 -0.436 0 
0.129 0.542 0.581 -0.639 -0.085 1.604 -1.568 0 0 0 0 0 0 0 0 0 0 -1.295 0 
-1.567 -1.137 -0.374 -1.073 0.179 1.021 0.602 0 0 0 0 0 0 0 0 0 0 -0.358 0 
-1.123 0.018 -0.362 0.902 -0.255 0.217 -0.512 0 0 0 0 0 -0.726 0 0 0 0 0 0 
0.411 -0.115 0.107 -2.361 0.915 0.131 0.391 0 0 0 0 0 0 0.555 0 0 0 0 0 
-0.579 -0.023 0.049 1.016 0.105 0.6 1.334 0 0 0 0 0 0 0 0 0 -1.693 0 0 
0.967 -0.719 0.322 -1.699 0.491 0.187 0.721 0 0 0 0 0 0 0.904 0 0 0 0 0 
1.673 -1.654 0.2 1.349 0.479 -1.922 1.776 0 0 0 0.336 0 0 0 0 0 0 0 0 
-0.472 0.074 -0.072 0.109 -0.151 -0.715 -0.164 0 0 0 0 0 0 0.022 0 0 0 0 0 
0.185 0.328 2.139 -1.775 0.473 -0.636 -0.271 0 0 0 0 0 0 -0.527 0 0 0 0 0 
0.264 0.829 -0.094 -0.689 -0.219 -0.392 -1.141 0 0 0 0 0 0 -0.363 0 0 0 0 0 
-0.525 -0.426 0.931 -0.929 1.309 1.227 0.286 0 0 0 0 0 0 0 0 0.552 0 0 0 
-0.403 0.189 0.755 -0.559 -0.449 -1.183 1.072 0 0 0 0 0 0 -0.479 0 0 0 0 0 
0.063 1.309 1.131 -1.164 -0.651 -0.683 0.77 0 0 0 0 0 0 -1.459 0 0 0 0 0 
0.641 -0.233 1.083 -1.339 0.185 -0.851 3.089 0 0 0 0.104 0 0 0 0 0 0 0 0 
-0.97 -0.501 1.073 -1.098 2.205 0.329 -0.055 0 0 0 0 -1.361 0 0 0 0 0 0 0 
0.897 0.158 -0.763 0.721 0.312 -1.045 0.204 0 -0.274 0 0 0 0 0 0 0 0 0 0 
0.144 -1.285 0.073 0.678 0.372 0.229 0.422 -0.765 0 0 0 0 0 0 0 0 0 0 0 
0.095 1.762 0.937 -0.21 -0.814 0.713 0.651 0 0 0 -1.599 0 0 0 0 0 0 0 0 
1.242 -1.393 -0.255 -0.444 0.391 0.412 1.136 0 -0.122 0 0 0 0 0 0 0 0 0 0 
-1.713 0.469 -0.203 -0.333 -0.234 0.115 -0.361 0 0 0 0 0 0 0 0 0 0 -1.008 0 
0.254 0.296 0.194 0.27 0.127 -0.377 -0.295 -0.94 0 0 0 0 0 0 0 0 0 0 0 
-1.156 -0.182 -0.241 0.304 -0.166 -0.507 -0.002 0 0 -0.215 0 0 0 0 0 0 0 0 0 
0.981 -0.69 1.353 0.519 -1.442 -2.105 1.579 0 0 0 1.252 0 0 0 0 0 0 0 0 
0.594 0.723 -0.937 0.842 -0.97 -0.516 -0.072 0 0 0 -0.933 0 0 0 0 0 0 0 0 
1.103 -1.602 -1.021 1.749 2.406 -0.508 0.264 0 0 0 1.874 0 0 0 0 0 0 0 0 
-0.518 1.634 -0.424 0.491 -1.342 0.202 0.395 0 -1.083 0 0 0 0 0 0 0 0 0 0 
0.349 -0.31 0.149 -0.224 -0.43 -0.267 0.281 0 0.015 0 0 0 0 0 0 0 0 0 0 
1.605 3.663 -3.299 2.689 -0.979 -1.823 -1.442 0 0 0 0 0 0 0 0 -0.944 0 0 0 
-0.64 -0.889 -0.226 0.076 0.052 0.273 -0.257 0 0 0 0 -0.118 0 0 0 0 0 0 0 
-0.016 0.779 0.598 -0.556 0.961 -0.249 0.146 0 0 0 -1.393 0 0 0 0 0 0 0 0 
-1.142 0.533 -2.047 0.211 0.748 -0.194 -0.029 0 0 0 0 0 0 -0.571 0 0 0 0 0 
-0.066 0.061 0.164 0.767 0.347 -0.81 -0.677 0 -0.757 0 0 0 0 0 0 0 0 0 0 
-0.448 0.196 0.681 -0.289 -0.199 0.747 -0.162 0 0 0 -1.053 0 0 0 0 0 0 0 0 
0.308 -0.516 0.043 0.006 1.031 -0.292 -0.098 -0.751 0 0 0 0 0 0 0 0 0 0 0 
-0.739 -0.397 1.371 -0.94 1.926 -0.184 -0.604 0 0 0 0 -0.419 0 0 0 0 0 0 0 
0.715 0.808 3.319 -2.614 -0.719 0.178 -0.154 0 -0.941 0 0 0 0 0 0 0 0 0 0 
0.094 -0.343 -0.273 0.23 -0.004 -0.382 -1.009 0 0 0 0 0.587 0 0 0 0 0 0 0 
1.045 0.623 0.439 -2.397 0.712 0.655 0.067 0 0 0 0 0 0 -1.297 0 0 0 0 0 
1.279 0.288 -0.724 0.315 1.161 0.099 -0.042 -0.769 0 0 0 0 0 0 0 0 0 0 0 
0.614 -0.232 -0.603 1.651 -0.644 -1.776 1.98 0 0 0 -1.058 0 0 0 0 0 0 0 0 
-1.591 0.107 -0.486 -0.076 0.729 0.175 -0.924 0 0 0 0 0 0 0 0 0 0 -0.395 0 
0.254 0.296 0.194 0.27 0.127 -0.377 -0.295 -0.94 0 0 0 0 0 0 0 0 0 0 0 
0.271 0.533 -0.117 1.136 -0.395 -0.214 0.776 0 0 0 0 0 0 0 0 -0.67 0 0 0 
0.439 0.496 0.289 0.337 1.908 0.896 -0.129 0 0 0 0 -1.415 0 0 0 0 0 0 0 
0.818 -1.693 -0.876 1.297 -2.054 0.228 0.205 0.746 0 0 0 0 0 0 0 0 0 0 0 
0.103 0.367 0.579 -1.806 0.353 -0.883 1.424 0 0 0 0 0 0 -1.072 0 0 0 0 0 
1.079 -0.566 0.682 -2.737 0.839 -0.295 0.593 0 0 0 0 0 0 1.492 0 0 0 0 0 
-1.205 0.071 -0.195 -0.739 0.554 0.567 0.284 0 0 -0.732 0 0 0 0 0 0 0 0 0 
0.942 -3.822 -2.689 2.299 1.415 -1.189 1.47 0 0 0 0 0 0 0 5 0 0 0 0 
0.294 0.292 0.574 0.636 0.219 -0.039 -1.204 0 0 0 0 0 -0.881 0 0 0 0 0 0 
0.288 0.654 -0.319 0.591 1.096 -0.909 -0.462 0 0 0 -1.11 0 0 0 0 0 0 0 0 
-0.989 -0.609 1.629 -1.078 0.455 0.452 -0.425 0 0 0 0 -1.073 0 0 0 0 0 0 0 
0.885 0.995 -0.098 1.36 0.473 -0.852 -0.542 0 -0.984 0 0 0 0 0 0 0 0 0 0 
1.344 0.389 3.62 -4.742 0.655 -1.294 3.564 0 0 0 -0.152 0 0 0 0 0 0 0 0 
0.395 -0.439 -0.144 0.072 -0.402 0.669 0.946 0 0 0 0 0 0 0 0 -0.255 0 0 0 
0.297 -1.292 0.275 -0.896 1.168 -0.199 -0.215 0 0 0 -0.743 0 0 0 0 0 0 0 0 
1.705 0.028 1.53 -0.343 -2.109 -1.308 1.268 0 0 0 0 0 0 0 1.441 0 0 0 0 
-0.866 -0.272 -0.443 -0.428 1.934 0.073 -0.462 0 0 0 0 -0.751 0 0 0 0 0 0 0 
0.082 1.231 0.614 0.919 -1.029 0.741 0.285 0 0 0 0 0 -1.488 0 0 0 0 0 0 
0.281 1.209 0.004 0.333 -1.688 -0.078 0.142 -0.66 0 0 0 0 0 0 0 0 0 0 0 
-0.131 -0.267 -0.04 -0.05 -0.484 0.839 -0.422 0 0 0 0 -0.499 0 0 0 0 0 0 0 
0.917 0.215 -0.165 0.152 0.565 -0.043 -1.043 0 0 0 0 0 0 0 0 -0.546 0 0 0 
-2.959 2.692 5 -3.442 -5 -0.811 -0.789 0 0 0 4.99 0 0 0 0 0 0 0 0 
0.305 1.109 -0.216 -0.103 0.135 -0.993 -0.014 0 0 0 -1.325 0 0 0 0 0 0 0 0 
0.44 -1.171 1.697 -0.103 0.211 -1.951 -0.141 0 0 0 2.127 0 0 0 0 0 0 0 0 
-1.066 -0.375 -0.419 2.886 -1.534 0.721 -1.254 -1.226 0 0 0 0 0 0 0 0 0 0 0 
-0.04 -1.066 0.275 0.341 -0.253 0.126 -0.088 0 -0.038 0 0 0 0 0 0 0 0 0 0 
0.628 -0.453 1.659 -2.819 1.291 -0.223 -0.435 0 0 0 0 0 0 0.4 0 0 0 0 0 
-1.877 -0.006 -0.276 -0.132 -0.653 0.717 -0.334 0 0 0 0 0 0 0 0 0 0 -1.032 0 
-0.019 -0.52 -1.405 0.968 0.956 -0.251 -0.083 0 0 0 0 0 0 0 0.23 0 0 0 0 
0.494 1.313 -0.484 0.617 -0.01 -0.35 0.147 0 0 0 0.251 0 0 0 0 0 0 0 0 
0.741 0.875 -0.598 0.829 -0.804 0.067 0.096 0 -0.389 0 0 0 0 0 0 0 0 0 0 
0.625 1.136 -0.958 2.188 1.24 -2.004 -0.473 -0.521 0 0 0 0 0 0 0 0 0 0 0 
1.275 0.028 0.145 0.315 -0.334 -0.244 -0.293 0 0.061 0 0 0 0 0 0 0 0 0 0 
0.868 0.389 -0.862 -0.414 2.63 -0.453 0.465 -1.713 0 0 0 0 0 0 0 0 0 0 0 
1.045 -1.173 -1.328 0.529 -0.276 3.304 -0.252 0 0 0 0 0 0 0 0 2.093 0 0 0 
0.48 -2.049 2.64 -1.763 -1.906 0.67 1.675 0 0 0 0 0 0 0 0 -1.475 0 0 0 
-0.596 0.948 -0.128 0.79 1.333 0.915 -1.892 0 0 0 0 0 0 0 0 -1.678 0 0 0 
0.372 0.753 -0.778 0.42 0.46 -0.066 -1.309 -0.536 0 0 0 0 0 0 0 0 0 0 0 
0.634 -0.01 0.769 -0.243 0.543 -0.965 -0.673 -0.869 0 0 0 0 0 0 0 0 0 0 0 
0.421 -0.879 1.204 -0.541 -0.447 -0.338 -0.973 0 0 0 0.173 0 0 0 0 0 0 0 0 
0.366 0.174 0.321 0.155 -0.338 -0.211 0.567 0 0 0 -0.94 0 0 0 0 0 0 0 0 
-0.185 0.099 0.45 -0.852 -0.101 -0.314 0.709 0 0 0 0 0 0 -0.94 0 0 0 0 0 
0.366 0.174 0.321 0.155 -0.338 -0.211 0.567 0 0 0 -0.94 0 0 0 0 0 0 0 0 
-0.071 -0.621 0.925 -1.076 1.069 0.124 -0.842 -1.387 0 0 0 0 0 0 0 0 0 0 0 
-1.028 0.19 0.416 -0.84 0.399 0.242 0.225 0 0 0 0 0 0 -0.471 0 0 0 0 0 
-0.052 -0.111 -0.454 0.253 0.025 -0.025 -0.694 0 0 0 0 0 0 0 0.069 0 0 0 0 
0.096 -0.011 -0.033 -0.233 -0.13 -0.776 1.045 0 -0.499 0 0 0 0 0 0 0 0 0 0 
-0.066 -0.886 0.658 -0.941 0.463 -0.159 -0.158 0 0 0 -0.363 0 0 0 0 0 0 0 0 
1.309 0.408 0.203 0.677 -1.77 0.009 0.539 0 0 0 -1.203 0 0 0 0 0 0 0 0 
0.652 -2.631 0.306 -1.814 -1.135 -1.321 4.184 0 0 0 -0.179 0 0 0 0 0 0 0 0 
-1.102 -0.695 -1.015 0.691 -0.467 0.592 -0.946 0 0 0 0 -0.578 0 0 0 0 0 0 0 
-0.474 0.248 0.235 0.292 1.275 0.112 -2.096 0 0 0 0 0 -1.123 0 0 0 0 0 0 
-0.163 0.072 1.358 -0.923 -0.298 -0.476 0.954 0 0 0 0 0 0 -0.21 0 0 0 0 0 
-1.004 -0.018 0.051 -0.231 0.191 -0.103 0.124 0 0 0 0 -0.218 0 0 0 0 0 0 0 
1.167 0.994 0.99 -0.988 -0.421 1.978 -0.094 0 0 0 0 -0.866 0 0 0 0 0 0 0 
0.59 0.542 -0.191 -0.169 -0.655 -0.905 0.011 0 0 0 -1.27 0 0 0 0 0 0 0 0 
0.023 -0.886 0.62 -0.003 -1.517 -1.538 2.028 0 0 0 0 0.637 0 0 0 0 0 0 0 
-0.105 -0.004 0.113 -1.469 2.693 0.509 -2.041 0 -1.595 0 0 0 0 0 0 0 0 0 0 
0.345 0.537 -0.576 -0.198 0.22 0.223 -0.756 0 0 0 0 0 0 0 -0.196 0 0 0 0 
0.987 -2.094 -0.097 -0.112 1.009 -0.304 0.868 0 0 0 -0.428 0 0 0 0 0 0 0 0 
-0.927 -0.761 -0.109 -0.627 0.081 0.042 0.366 0 0 0 0 0 0 -0.135 0 0 0 0 0 
1.165 -0.913 0.796 -0.389 0.341 0.732 -0.437 0 0 0 -0.436 0 0 0 0 0 0 0 0 
-1.598 0.014 -0.151 0.726 -4.679 -0.321 -4.094 0 1.321 0 0 0 0 0 0 0 0 0 0 
-0.237 0.769 -0.832 -0.212 -0.422 0.661 0.554 0 0 0 0 0 0 -0.862 0 0 0 0 0 
-0.356 1.213 -0.017 -0.729 -0.113 -0.096 -0.23 0 0 0 0 -1.999 0 0 0 0 0 0 0 
-0.424 0.59 0.022 0.686 0.36 1.19 -1.867 0 0 0 0 0 -1.565 0 0 0 0 0 0 
0.909 -0.694 0.146 -0.327 -0.791 -0.008 0.976 -0.758 0 0 0 0 0 0 0 0 0 0 0 
0.342 -0.219 1.16 -0.784 -0.884 -2.797 0.736 0 0 0 0.968 0 0 0 0 0 0 0 0 
1.289 -0.528 -0.564 0.686 3.063 -0.359 -1.115 0 0 0 0 0 0 0 0 0.802 0 0 0 
0.786 -0.412 -0.38 0.815 0.209 0.308 -0.187 0 0 0 0 0 0 0 0 -0.94 0 0 0 
0.021 -1.57 -0.875 1.262 -1.029 -0.053 -0.343 0 0 0 0 0 0 0 0.43 0 0 0 0 
-0.513 -1.05 0.152 0.246 -0.773 0.836 0.079 0 0 0 0 0 0 0 -0.007 0 0 0 0 
-0.954 2.861 2.814 -0.278 -3.427 0.965 -2.632 0 0 0 -0.562 0 0 0 0 0 0 0 0 
-0.496 0.977 -0.522 0.04 -0.19 0.265 -0.142 0 0 0 0 0 0 -1.895 0 0 0 0 0 
0.352 0.048 0.833 -1.74 -1.559 0.095 1.721 0 0 0 -1.342 0 0 0 0 0 0 0 0 
0.703 -1.502 -1.637 1.063 1.121 0.407 1.314 0 0 0 1.207 0 0 0 0 0 0 0 0 
0.502 0.354 0.504 -0.845 -0.081 0.48 1.115 0 0 0 -0.744 0 0 0 0 0 0 0 0 
-0.143 0.089 0.859 0.517 -1.613 -0.327 1.959 0 0 0 -1.882 0 0 0 0 0 0 0 0 
0.301 0.068 0.493 -1.064 0.498 -0.601 1.116 0 0 0 0 0 0 0.326 0 0 0 0 0 
1.571 0.79 0.699 -2.233 3.567 -0.641 -0.395 0 0 0 0 0 0 0.924 0 0 0 0 0 
0.588 1.217 1.356 0.046 -1.493 0.166 0.884 0 -1.619 0 0 0 0 0 0 0 0 0 0 
-0.294 -0.278 -0.588 -0.33 0.897 0.371 0.026 0 0 0 0 -0.299 0 0 0 0 0 0 0 
-1.039 1.273 -0.105 0.053 1.879 0.288 -1.586 0 -0.92 0 0 0 0 0 0 0 0 0 0 
0.174 -0.316 -0.107 0.36 -0.279 0.663 1.301 0 0 0 -0.796 0 0 0 0 0 0 0 0 
0.091 0.729 2.586 -2.216 -0.634 0.904 0.114 0 0 0.194 0 0 0 0 0 0 0 0 0 
0.659 -1.556 -0.486 0.419 0.523 -0.204 -0.386 -0.509 0 0 0 0 0 0 0 0 0 0 0 
0.423 -0.757 -0.467 0.743 -1.196 0.494 0.165 0 0 0 0 0 0 0 1.105 0 0 0 0 
0.022 1.266 0.256 -0.554 -0.403 -0.082 1.105 0 0 0 0 0 0 -0.872 0 0 0 0 0 
0.149 0.199 -0.104 -0.08 0.921 -0.575 0.258 0 0 0 -1.435 0 0 0 0 0 0 0 0 
-0.296 0.063 -0.08 -0.443 0.183 -0.335 -0.538 0 0 0 0 0 0 0 0.373 0 0 0 0 
-0.025 0.484 -0.144 -0.861 1.712 -0.44 -0.291 0 0 0 -1.25 0 0 0 0 0 0 0 0 
1.247 -1.714 0.081 -1.377 0.714 -0.144 0.628 0 0 0 0 0 0 0.718 0 0 0 0 0 
0.361 1.147 0.286 -2.603 0.304 0.805 0.383 0 0 0 0 0 0 0.215 0 0 0 0 0 
1.639 -0.064 -1.861 1.821 0.76 1.374 1.199 0 0 0 0 0 0 0 0 1.923 0 0 0 
0.167 -1.208 0.605 0.605 0.599 1.298 -0.934 0 0 0 0 0 0 0 0 2.105 0 0 0 
0.333 -0.151 1.339 0.061 -0.044 -1.539 -0.423 0 -0.226 0 0 0 0 0 0 0 0 0 0 
-0.219 0.383 0.228 0.133 0.462 0.018 -0.942 0 -0.72 0 0 0 0 0 0 0 0 0 0 
-0.737 0.671 0.095 0.378 0.212 0.137 -0.565 0 0 0 0 0 -0.8 0 0 0 0 0 0 
0.117 -0.476 -0.513 0.148 0.878 -0.617 0.176 0.345 0 0 0 0 0 0 0 0 0 0 0 
-0.142 0.437 -0.119 -0.869 1.073 -0.253 -0.285 0 -1.622 0 0 0 0 0 0 0 0 0 0 
-0.099 0.685 -0.524 -0.647 -0.079 -0.61 -0.439 0 0 0 0 0 0 -1.003 0 0 0 0 0 
0.799 -1.708 0.2 -0.938 0.388 0.274 0.757 0 0 0 0 0 0 0.93 0 0 0 0 0 
-0.348 0.401 0.788 -0.859 -0.425 0.502 1.219 -0.333 0 0 0 0 0 0 0 0 0 0 0 
1.289 1.865 -0.813 1.819 -0.354 -0.481 -0.283 0 0 0 0 0 0 0 0 -0.308 0 0 0 
0.269 1.422 1.449 -0.925 1.039 -2.741 -0.625 0 -0.973 0 0 0 0 0 0 0 0 0 0 
0.1 -0.175 -0.014 -0.125 0.645 -0.53 -0.008 -0.253 0 0 0 0 0 0 0 0 0 0 0 
-0.151 -0.417 -0.21 0.436 -0.518 -0.341 0.596 0 0 0 0 0 0 -0.22 0 0 0 0 0 
0.921 -0.043 -0.821 1.896 -1.112 -1.722 -0.207 0 0 0 0 0 0 0 0 -0.806 0 0 0 
-0.696 0.136 -0.288 0.836 0.014 0.447 -0.254 0 -1.17 0 0 0 0 0 0 0 0 0 0 
0.186 -1.567 0.964 -1.41 0.246 -0.49 2.148 0 0 0 0 0 0 0.966 0 0 0 0 0 
0.382 -0.345 1.467 -0.059 -1.115 -0.062 2.191 0 -3.63 0 0 0 0 0 0 0 0 0 0 
0.502 1.386 0.298 -0.456 -0.768 0.108 0.553 0 0 0 -2.104 0 0 0 0 0 0 0 0 
0.272 -0.885 -0.391 -0.377 2.097 0.38 0.355 0 0 0 0 1.069 0 0 0 0 0 0 0 
-0.798 -0.624 0.095 2.391 -0.979 -0.024 -1.526 -0.729 0 0 0 0 0 0 0 0 0 0 0 
-1.794 0.038 -0.549 -0.188 0.449 0.25 0.026 0 0 0 0 0 0 0 0 0 0 -1.452 0 
-1.464 1.173 0.063 -0.299 -0.313 0.856 -0.879 0 0 0 0 0 0 0 0 0 0 -0.931 0 
0.959 -0.779 -0.915 1.106 -0.556 -1.211 -0.167 0 0 0 2.728 0 0 0 0 0 0 0 0 
-0.318 0.752 0.667 -0.956 0.372 0.367 -0.881 0 0 0 0 0 0 0 0 0 0 -1.95 0 
1.349 1.484 0.365 -1.021 1.851 -0.12 2.255 0 0 0 -1.814 0 0 0 0 0 0 0 0 
0.145 0.133 0.277 -0.486 0.647 -0.363 -0.086 0 0 0 0 0 0 0 0 0 -0.504 0 0 
-1.811 0.312 0.013 -0.358 -0.516 0.666 -0.356 0 0 0 0 0 0 0 0 0 0 -0.973 0 
0.144 -0.294 1.419 -1.223 -0.418 0.298 0.06 0 0 0 0 0 0 0 0 -0.052 0 0 0 
0.013 -1.854 -0.303 1.579 -0.42 -1.001 0.731 0 0.517 0 0 0 0 0 0 0 0 0 0 
0.422 0.702 0.503 -1.315 -0.799 -0.314 0.792 0 0 0 0 0 0 0.159 0 0 0 0 0 
1.033 -2.065 1.715 -1.217 1.956 2.319 -2.289 0 0 0 0 0 0 0 0 0.776 0 0 0 
0.481 -0.74 -1.141 1.158 -0.289 -0.564 0.036 0.238 0 0 0 0 0 0 0 0 0 0 0 
-1.081 0.619 -0.787 0.132 -0.211 -0.023 0.081 0 0 -0.898 0 0 0 0 0 0 0 0 0 
-0.341 0.791 0.909 -0.192 1.298 0.61 -0.966 0 0 0 0 0 -1.843 0 0 0 0 0 0 
-1.627 0.447 -0.19 -0.252 -0.405 0.36 -0.79 0 0 0 0 0 0 0 0 0 0 -0.929 0 
-0.426 0.835 -1.251 1.812 -0.443 0.973 -1.57 0 0 0 0 0 0 0 0 0 0 -0.064 0 
1.087 2.622 -1.403 0.478 -0.336 0.47 0.059 0 0 0 0 0 0 0 0 2.547 0 0 0 
0.641 0.351 1.531 -0.301 0.33 0.635 -1.459 0 0 0 0 0 -2.122 0 0 0 0 0 0 
2.478 1.386 0.825 -1.557 -1.195 -1.119 -0.537 0 0 0 -1.21 0 0 0 0 0 0 0 0 
0.771 1.213 -0.043 -0.154 0.042 0.286 1.366 0 -0.686 0 0 0 0 0 0 0 0 0 0 
-1.368 -0.185 -0.41 -0.043 1.229 0.953 -0.083 0 0 0 0 0 0 0 0 0 0 -1.472 0 
-2.006 0.231 -0.72 0.113 0.157 0.706 -0.476 0 0 0 0 0 0 0 0 0 0 -0.996 0 
0.527 -1.205 0.175 0.079 -0.639 0.902 -0.596 0 -0.223 0 0 0 0 0 0 0 0 0 0 
-0.166 0.291 0.121 -1.123 -1.114 0.004 0.136 0 0 0 0 0 0 0 0 0 0 -0.139 0 
1.883 -3.149 -0.491 2.017 -0.922 -1.168 -1.955 0 0 0 0 0 0 0 0 4.588 0 0 0 
0.959 0.001 -0.149 1.554 -0.452 -0.551 0.055 0 -0.96 0 0 0 0 0 0 0 0 0 0 
-1.794 -0.12 -0.014 -0.886 -0.547 0.318 -0.457 0 0 0 0 0 0 0 0 0 0 -0.684 0 
0.417 0.797 0.086 0.192 -0.112 -0.087 -0.309 0 0 0 -0.836 0 0 0 0 0 0 0 0 
-0.899 -0.077 -0.38 1.543 0.068 0.521 -0.014 0 0 0 0 0 -2.004 0 0 0 0 0 0 
-1.338 0.293 -0.139 -0.555 0.185 0.979 0.386 0 0 0 0 0 0 0 0 0 0 -0.693 0 
0.473 2.175 1.623 -1.512 -0.246 0.28 1.117 0 0 0 -1.651 0 0 0 0 0 0 0 0 
-0.212 -0.924 -0.131 0.234 -0.22 0.145 0.077 0 0 0 0 0.674 0 0 0 0 0 0 0 
0.646 -0.053 0.365 0.134 -1.225 1.681 -0.209 0 0 0 0 0 0 0 0 -1.436 0 0 0 
0.321 -0.409 -0.999 0.521 -0.136 0.019 -0.861 0 0 0 0 0 0 0 0.428 0 0 0 0 
-1.765 -0.251 0.05 -0.978 -0.1 0.288 -0.392 0 0 0 0 0 0 0 0 0 0 -1.062 0 
0.014 -0.341 -0.197 0.265 -0.264 -0.306 -0.169 0 0 0 0 0 0 0 -0.94 0 0 0 0 
0.929 0.676 0.008 1.042 0.738 -1.201 -0.887 0.036 0 0 0 0 0 0 0 0 0 0 0 
0.001 -0.427 -0.506 0.609 -0.325 0.469 -0.409 0 0 0 0 0.879 0 0 0 0 0 0 0 
0.089 0.481 0.836 0.66 0.598 0.553 -1.791 0 0 0 0 0 -0.95 0 0 0 0 0 0 
-0.087 0.06 -0.785 -0.141 1.151 -1.281 -0.744 0.337 0 0 0 0 0 0 0 0 0 0 0 
0.27 -0.077 0.99 -0.346 -0.663 -0.955 0.397 0 -0.403 0 0 0 0 0 0 0 0 0 0 
-1.08 -0.905 0.411 1.577 -1.529 0.537 -1.698 -0.666 0 0 0 0 0 0 0 0 0 0 0 
-0.259 0.581 1.004 -1.047 -0.862 0.542 1.208 0 0 0 0 0 0 -1.086 0 0 0 0 0 
-0.059 -1.513 -0.758 0.317 1.21 -0.363 -0.657 0 0 0 -0.709 0 0 0 0 0 0 0 0 
0.433 1.288 1.522 -1.537 0.78 0.778 -0.759 -1.994 0 0 0 0 0 0 0 0 0 0 0 
-1.805 0.041 -0.005 -0.557 -0.05 0.746 -0.098 0 0 0 0 0 0 0 0 0 0 -0.78 0 
0.515 0.768 1.425 -1.003 0.133 -0.576 0.15 -0.637 0 0 0 0 0 0 0 0 0 0 0 
0.668 -2.011 2.12 -1.023 -0.015 -1.288 -0.701 1.672 0 0 0 0 0 0 0 0 0 0 0 
-0.567 0.1 -0.816 -0.268 0.918 0.173 -0.119 0 0 0 0 -0.162 0 0 0 0 0 0 0 
-0.121 0.068 0.158 -1.545 0.12 -0.727 0.721 0 0 0 0 0 0 -0.423 0 0 0 0 0 
-1.834 0.1 -0.174 -0.969 0.623 0.36 -0.173 0 0 0 0 0 0 0 0 0 0 -1.165 0 
0.753 -0.956 0.311 -2.453 -0.513 -0.688 1.307 0 0 0 -0.206 0 0 0 0 0 0 0 0 
-0.993 -0.01 -0.82 0.704 -0.041 0.303 -0.226 0 0 0 0 -0.789 0 0 0 0 0 0 0 
-0.948 -0.268 -0.119 -0.043 0.242 0.524 0.07 0 0 0 0 -0.508 0 0 0 0 0 0 0 
0.69 -0.304 -0.327 0.18 -0.552 -0.345 0.657 0 -0.349 0 0 0 0 0 0 0 0 0 0 
-0.761 -0.136 -0.292 0.843 -1.365 0.912 0.38 0 0 0 0 0 0 0 0 -0.43 0 0 0 
0.712 0.293 -0.464 0.168 0.079 -2.402 1.2 0 0 0 0.141 0 0 0 0 0 0 0 0 
-0.182 0.344 -0.432 -0.832 0.442 -0.578 -1 0 0 0 0 0 0 -0.659 0 0 0 0 0 
1.039 1.355 0.427 0.512 0.217 -0.311 -1.245 -1.27 0 0 0 0 0 0 0 0 0 0 0 
-0.248 -0.574 -0.203 0.485 -0.302 -0.718 -0.863 0 0 0 0 -0.439 0 0 0 0 0 0 0 
-0.194 -0.222 0.469 -0.544 -0.264 0.669 -0.272 0 -0.518 0 0 0 0 0 0 0 0 0 0 
0.657 1.059 1.526 -0.788 -0.625 -1.259 0.782 -0.901 0 0 0 0 0 0 0 0 0 0 0 
1.419 2.079 0.248 0.466 -1.318 1.68 1.381 0 0 0 0 0 -0.583 0 0 0 0 0 0 
-0.708 0.362 -0.221 0.691 0.029 0.292 -2.461 0 0 0 0 0 -0.673 0 0 0 0 0 0 
0.323 -0.032 -0.234 -0.762 -0.024 0.24 -0.594 0 0 0 0 -0.755 0 0 0 0 0 0 0 
-0.69 -0.332 0.038 0.964 0.205 -0.855 0.595 0 0 0 -1.498 0 0 0 0 0 0 0 0 
0.796 0.922 0.152 -0.041 -0.641 -0.955 -0.552 0 0 0 0 0 0 0 0 0 -1.99 0 0 
-0.608 -0.054 -0.465 -0.379 -0.861 0.133 0.908 0 0 0 0 0 0 -0.394 0 0 0 0 0 
-0.331 0.322 0.738 0.432 -0.648 -0.059 0.118 0 0 0 0 -1.178 0 0 0 0 0 0 0 
-0.077 -0.013 -0.094 0.115 -0.522 -0.629 1.043 0 0 0 0 0 0 -0.964 0 0 0 0 0 
-0.79 1.353 1.677 -0.026 -0.649 2.458 -0.324 0 0 0 0 0 -2.664 0 0 0 0 0 0 
0.226 -2.394 4.767 0.194 -1.574 -2.969 1.717 0.975 0 0 0 0 0 0 0 0 0 0 0 
-0.121 -0.377 0.169 -1.333 0.993 0.896 -0.772 0 0 0 0 -0.173 0 0 0 0 0 0 0 
-1.015 0.258 -1.507 0.707 -0.301 0.193 0.053 0 0 -0.34 0 0 0 0 0 0 0 0 0 
-0.371 1.189 -1.034 0.301 0.466 -0.156 -0.31 0 0 0 0 0 0 0 0.093 0 0 0 0 
0.207 0.641 -0.017 0.801 -0.46 0.768 -0.785 0 0 0 0 0 -0.96 0 0 0 0 0 0 
1.11 -1.712 1.446 -0.85 0.749 -1.491 0.774 0 0 0 0 0 0 0 0 1.259 0 0 0 
1.125 -0.857 2.267 -2.37 0.271 -1.107 1.813 0 0 0 0 0 0 0 0 1.182 0 0 0 
0.058 0.46 -0.721 -0.158 0.219 0.283 -0.139 0 0 0 0 -0.92 0 0 0 0 0 0 0 
0.42 -0.191 0.431 -0.373 -0.207 0.823 0.661 0 0 0 -0.607 0 0 0 0 0 0 0 0 
0.569 0.973 -0.769 0.248 -0.201 0.111 -0.492 0 0 0 -0.85 0 0 0 0 0 0 0 0 
-0.857 -0.416 1.564 -0.337 -1.294 0.238 -0.712 0 0 0 0 0 0 0 0 -0.944 0 0 0 
0.148 -0.115 0.188 -0.585 0.544 0.25 0.073 0 0 0 -0.326 0 0 0 0 0 0 0 0 
-0.009 -0.773 1.034 -0.568 0.52 -0.376 -1.906 -0.191 0 0 0 0 0 0 0 0 0 0 0 
-0.027 -2.873 0.646 0.196 2.14 0.142 -1.178 0 0 0 0 0 0 0 0 1.473 0 0 0 
-0.211 0.445 0.791 -0.34 -0.246 -0.332 -0.38 0 0 0 -0.937 0 0 0 0 0 0 0 0 
-0.152 1.108 0.072 -0.539 0.56 0.519 -0.993 0 0 0 0 0 0 0 0 0 0 -0.271 0 
-1.838 -0.013 -0.044 -0.539 -0.677 0.452 -0.569 0 0 0 0 0 0 0 0 0 0 -0.616 0 
0.594 1.163 -0.183 0.176 -2.151 -1.482 1.036 0 0 0 0 0 0 0 0 0 -0.686 0 0 
-0.131 0.591 0.238 -0.177 0.015 0.188 0.245 0 0 0 -0.91 0 0 0 0 0 0 0 0 
-0.675 1.695 -0.099 0.079 -0.169 1.454 1.446 0 0 -0.465 0 0 0 0 0 0 0 0 0 
0.321 0.044 -0.772 0.763 0.035 -1.16 0.984 0 0 0 0 0 0 0 1.167 0 0 0 0 
-1.03 -0.443 -1.039 0.138 -0.348 -0.141 -0.047 0 0 0 0 0 0 -0.306 0 0 0 0 0 
0.299 0.193 1.655 -0.86 -0.012 0.045 -0.973 0 0 0 -1.113 0 0 0 0 0 0 0 0 
2.021 -0.581 0.586 0.124 0.904 -0.799 1.594 -1.569 0 0 0 0 0 0 0 0 0 0 0 
0.231 -1.865 2.187 -1.198 -0.666 1.031 1.935 0 0 0 0.895 0 0 0 0 0 0 0 0 
-0.233 0.043 0.638 -0.016 2.012 0.767 -0.471 0 0 0 0 0 -1.975 0 0 0 0 0 0 
-0.525 -0.547 0.115 1.055 -1.679 0.669 1.634 0 0 0 0 0 0 0 0 1.23 0 0 0 
-0.316 0.925 0.296 -0.765 -0.369 -0.577 0.375 0 0 0 0 0 0 -0.465 0 0 0 0 0 
-0.558 0.439 0.208 0.142 -0.893 -0.074 0.637 0 0 0 0 -1.551 0 0 0 0 0 0 0 
0.032 -0.599 -0.673 0.79 0.612 -0.211 -0.555 0 0 0 0 0.172 0 0 0 0 0 0 0 
0.682 0.676 0.854 -0.02 0.963 -0.532 -0.732 0 0 0 0 0 0 0 0 -2.282 0 0 0 
0.74 1.2 -1.37 1.402 -0.473 -1.68 0.489 0 0 0 -1.691 0 0 0 0 0 0 0 0 
-0.174 1.106 -0.29 -0.082 -1.908 0.795 -0.481 0 0 0 0 0 0 0 0 -1.614 0 0 0 
0.642 0.734 -0.715 -1.155 -0.547 -0.825 -0.007 0 0 0 0 -0.981 0 0 0 0 0 0 0 
0.75 2.643 -0.69 0.094 1.648 -1.501 -0.068 0 0 0 0 0 0 0 0 0.998 0 0 0 
0.764 -0.719 0.885 -0.032 0.167 -0.561 0.396 -0.44 0 0 0 0 0 0 0 0 0 0 0 
0.51 0.14 -0.334 0.008 0.726 -0.291 0.092 0 0 0 0 0 0 0 -0.389 0 0 0 0 
-0.197 0.588 -0.016 0.487 -0.136 -0.171 0.234 0 -1.415 0 0 0 0 0 0 0 0 0 0 
-1.282 -0.693 0.719 0.389 0.93 -0.066 -1.197 0 0 0 0 0 -0.517 0 0 0 0 0 0 
1.67 1.006 -0.522 0.861 -0.307 -0.662 -0.687 0 0 0 0 0 0 0 0 -0.611 0 0 0 
-1.994 -0.367 -0.335 0.01 0.317 0.387 -0.71 0 0 0 0 0 0 0 0 0 0 -0.692 0 
-0.069 -0.565 -0.283 0.476 1.006 -1.129 0.66 0 -0.132 0 0 0 0 0 0 0 0 0 0 
0.506 -1.669 1.639 -0.573 -0.907 -0.443 0.038 0 0.193 0 0 0 0 0 0 0 0 0 0 
-0.064 -0.744 0.437 0.642 -0.821 0.12 -0.952 0 -0.49 0 0 0 0 0 0 0 0 0 0 
0.349 1.163 -0.763 -0.581 0.791 -0.077 1.293 0 0 0 0 -1.207 0 0 0 0 0 0 0 
0.704 1.174 -0.018 -1.405 0.52 0.287 0.269 0 0 0 -1.177 0 0 0 0 0 0 0 0 
0.452 0.624 1.022 -0.169 1.354 0.623 -0.143 0 -0.793 0 0 0 0 0 0 0 0 0 0 
1.033 -0.313 0.161 -0.024 -0.194 -0.447 2.827 0 0 0 0.015 0 0 0 0 0 0 0 0 
-0.587 -0.239 -0.059 -0.75 -1.45 -0.026 0.204 0 0 0 0 0 0 -0.595 0 0 0 0 0 
0.562 -0.257 0.942 -0.973 0.439 0.808 -1.193 0 0 0 -0.471 0 0 0 0 0 0 0 0 
-0.159 0.224 0.028 -0.528 0.09 -0.844 0.926 0 0 0 0 0 0 -0.608 0 0 0 0 0 
1.192 -0.511 -0.592 -1.131 -0.844 -0.508 0.434 0 0 0 0 0 0 0.856 0 0 0 0 0 
0.626 1.722 -0.24 0.453 -1.003 0.437 0.116 0 0 0 -1.572 0 0 0 0 0 0 0 0 
1.619 0.483 1.042 -0.02 0.298 -1.291 -0.978 0 -1.085 0 0 0 0 0 0 0 0 0 0 
0.46 0.555 0.491 -0.112 -0.662 -0.052 -0.203 0 0 0 -0.763 0 0 0 0 0 0 0 0 
-0.188 -0.156 -0.136 0.058 0.167 -0.009 -0.178 0 0 0 0 -0.94 0 0 0 0 0 0 0 
-0.155 -0.898 1.007 -0.732 0.416 -0.168 0.132 0 0.359 0 0 0 0 0 0 0 0 0 0 
-0.067 0.078 1.274 -1.38 -0.57 -1.521 0.837 0 0 0 0 0 0 0.153 0 0 0 0 0 
-0.575 -1.831 2.137 0.931 -1.866 0.28 0.117 0 0 0 0 0 0 0 2.027 0 0 0 0 
-1.923 -0.264 -0.112 -0.781 0.668 1.148 0.676 0 0 0 0 0 0 0 0 0 0 -0.913 0 
-0.074 0.47 -0.349 -0.021 -0.746 0.538 -2.18 0 0 0 0 -0.416 0 0 0 0 0 0 0 
-0.052 -0.708 -0.305 0.3 0.617 -0.052 -0.23 -0.985 0 0 0 0 0 0 0 0 0 0 0 
0.669 2.089 0.637 -0.032 -0.965 0.54 -0.557 -1.223 0 0 0 0 0 0 0 0 0 0 0 
-2.02 -0.153 0.097 -0.782 0.144 0.532 -1.053 0 0 0 0 0 0 0 0 0 0 -0.873 0 
0.183 0.418 -0.232 0.211 0.304 0.011 -0.841 0 0 0 0 0 0 0 0 0 -1.019 0 0 
-0.607 0.511 0.18 0.706 -0.223 0.636 -0.724 0 0 0 0 0 -0.94 0 0 0 0 0 0 
0.801 1.195 -0.255 0.44 -1.06 1.071 1.421 0 0 0 0 0 0 0 0 -3.873 0 0 0 
1.099 -0.784 -1.904 3.015 -2.81 -2.652 2.136 0 0 0 0 0 0 0 3.517 0 0 0 0 
0.555 0.232 -0.85 0.143 0.627 -0.428 -0.394 0 -0.31 0 0 0 0 0 0 0 0 0 0 
0.058 0.935 1.016 0.384 -0.069 0.89 -1.517 0 0 0 0 0 -1.175 0 0 0 0 0 0 
-0.674 -0.984 0.666 -0.861 -0.001 -0.765 0.67 0 0 0 0 0 0 0.495 0 0 0 0 0 
-1.07 0.555 -0.587 0.126 -0.386 0.31 -0.332 0 0 -1.053 0 0 0 0 0 0 0 0 0 
-0.188 -0.156 -0.136 0.058 0.167 -0.009 -0.178 0 0 0 0 -0.94 0 0 0 0 0 0 0 
1.11 -0.424 -1.087 -1.878 1.433 2.009 -0.631 0 0 0 0 0 0 0 0 0 -2.608 0 0 
-0.845 -0.925 -0.105 -0.757 1.765 0.499 0.494 0 0 0 0 0 0 -1.056 0 0 0 0 0 
-0.844 -0.79 0.809 -1.18 -0.493 -0.47 1.638 0 0 0 0 0 0 -0.642 0 0 0 0 0 
-0.163 0.338 -1.235 0.805 0.391 -0.279 -1.864 0 0 0 0 0.777 0 0 0 0 0 0 0 
0.293 -0.304 -0.04 0.784 0.127 -0.885 -1.282 0 0 0 0 0 -1.763 0 0 0 0 0 0 
1.055 0.131 0.237 -1.119 0.344 0.801 0.266 -1.69 0 0 0 0 0 0 0 0 0 0 0 
0.509 0.464 0.49 -0.195 0.095 -1.349 0.584 0 0 0 -1.053 0 0 0 0 0 0 0 0 
0.439 -0.703 -1.913 0.467 1.229 -1.93 1.442 0 0 0 0 -1.089 0 0 0 0 0 0 0 
-0.716 -0.083 0.032 -0.389 -0.116 -0.068 0.155 0 0 0 0 0 0 -0.065 0 0 0 0 0 
0.421 -0.35 -0.003 -0.08 -0.169 0.261 -0.12 0 0 0 -0.155 0 0 0 0 0 0 0 0 
0.127 -0.717 0.143 -0.461 0.671 0.057 -0.285 0 0 0 0 0.009 0 0 0 0 0 0 0 
0.813 0.036 0.769 -1.274 1.239 0.623 0.174 0 0 0 0 -0.111 0 0 0 0 0 0 0 
-0.246 0.589 -1.123 0.529 0.298 0.137 -0.404 0 0 0 0 0 0 0 -0.262 0 0 0 0 
1.191 -0.557 -0.766 1.37 0.194 -0.468 -0.332 0 -0.491 0 0 0 0 0 0 0 0 0 0 
-0.042 0.382 0.725 -0.832 0.769 -0.972 1.473 0 0 0 0 0 0 0.091 0 0 0 0 0 
-0.052 0.721 0.78 0.038 -0.298 0.154 1.173 0 0 0 0 -1.799 0 0 0 0 0 0 0 
-1.614 -0.547 3.422 -0.412 -2.206 2.812 -0.341 0 0 0 0 0 -0.019 0 0 0 0 0 0 
0.314 -1.685 0.29 -0.143 1.07 0.361 0.962 0 -0.777 0 0 0 0 0 0 0 0 0 0 
0.175 0.665 -0.538 0.519 -0.992 0.043 -0.271 -1.39 0 0 0 0 0 0 0 0 0 0 0 
0.838 0.009 0.456 -0.668 -0.364 0.851 -0.164 -0.943 0 0 0 0 0 0 0 0 0 0 0 
0.666 0.989 -0.285 -0.349 0.165 -0.192 0.933 0 0 0 -1.67 0 0 0 0 0 0 0 0 
0.153 0.453 0.44 0.645 -0.22 -0.446 0.237 0 0 0 0 -1.273 0 0 0 0 0 0 0 
1.087 -0.404 0.773 -0.225 0.171 -0.782 -0.131 -0.064 0 0 0 0 0 0 0 0 0 0 0 
0.348 0.368 -0.345 -0.557 -0.007 1.549 0.096 0 0 0 0 0 0 0 0 0 0 0.083 0 
-1.014 0.441 0.103 -0.202 0.822 -0.072 -0.687 0 0 0 0 -1.105 0 0 0 0 0 0 0 
0.893 1.399 0.127 0.798 -0.803 -0.828 -0.596 0 0 0 -2.027 0 0 0 0 0 0 0 0 
-1.762 -0.1 3.498 -2.991 -2.587 2.516 -0.123 0 0 1.684 0 0 0 0 0 0 0 0 0 
-0.097 -0.406 0.922 -0.633 0.715 -0.858 -0.268 -0.683 0 0 0 0 0 0 0 0 0 0 0 
-0.241 -0.736 -0.538 -0.003 -0.079 -0.573 -1.555 0 0 0 0 0.66 0 0 0 0 0 0 0 
0.441 0.947 0.672 0.535 -1.196 -0.195 -0.172 0 0 0 -0.872 0 0 0 0 0 0 0 0 

F
15.314 -0.382 0.389 1.41 4.178 0.034 0.22 0 0 0 0 0 0 0 0 0 0 0 0
-0.382 0.254 0.027 0.262 0.31 -0 0.09 0 0 0 0 0 0 0 0 0 0 0 0
0.389 0.027 0.472 1.716 1.341 0.023 -0.009 0 0 0 0 0 0 0 0 0 0 0 0
1.41 0.262 1.716 11.447 7.39 0.136 -0.072 0 0 0 0 0 0 0 0 0 0 0 0
4.178 0.31 1.341 7.39 26.126 0.104 1.753 0 0 0 0 0 0 0 0 0 0 0 0
0.034 -0 0.023 0.136 0.104 0.038 -0.013 0 0 0 0 0 0 0 0 0 0 0 0
0.22 0.09 -0.009 -0.072 1.753 -0.013 4.639 0 0 0 0 0 0 0 0 0 0 0 0
0 0 0 0 0 0 0 9.829 2.116 -2.041 1.623 -1.945 -1.085 -1.264 -1.929 1.258 3.133 -2.264 -1.006
0 0 0 0 0 0 0 2.116 3.314 -1.508 0.422 -0.285 -1.765 -0.531 -0.747 2.213 1.674 -1.672 -0.134
0 0 0 0 0 0 0 -2.041 -1.508 9.578 -2.442 -0.176 1.544 -0.441 -0.342 -2.514 -1.598 6.134 1.017
0 0 0 0 0 0 0 1.623 0.422 -2.442 4.491 -0.247 -1.893 -0.084 -1.5 0.879 1.768 -2.177 -0.243
0 0 0 0 0 0 0 -1.945 -0.285 -0.176 -0.247 4.446 -0.803 -1.53 1.995 -0.924 -2.022 0.477 -0.345
0 0 0 0 0 0 0 -1.085 -1.765 1.544 -1.893 -0.803 9.421 -0.615 -1.532 -3.226 -1.632 2.856 2.182
0 0 0 0 0 0 0 -1.264 -0.531 -0.441 -0.084 -1.53 -0.615 7.112 -0.74 -0.834 0.4 -0.271 -0.845
0 0 0 0 0 0 0 -1.929 -0.747 -0.342 -1.5 1.995 -1.532 -0.74 7.972 -1.931 -1.935 0.176 0.003
0 0 0 0 0 0 0 1.258 2.213 -2.514 0.879 -0.924 -3.226 -0.834 -1.931 8.845 1.451 -3.014 0.672
0 0 0 0 0 0 0 3.133 1.674 -1.598 1.768 -2.022 -1.632 0.4 -1.935 1.451 9.876 -1.598 0.451
0 0 0 0 0 0 0 -2.264 -1.672 6.134 -2.177 0.477 2.856 -0.271 0.176 -3.014 -1.598 6.921 0.011
0 0 0 0 0 0 0 -1.006 -0.134 1.017 -0.243 -0.345 2.182 -0.845 0.003 0.672 0.451 0.011 34.506

END
